1
500
2262
1 8 35
3 21 59
3 7 6
3 8 82
3 10 62
3 18 43
3 19 92
3 5 54
3 4 17
3 1 70
4 11 100
4 19 95
5 18 65
5 6 12
5 13 48
6 8 58
6 23 60
6 7 30
6 4 17
7 17 43
7 13 41
7 9 65
7 8 94
7 15 30
8 22 57
8 4 32
8 16 45
9 15 24
9 6 39
9 27 83
9 10 34
9 24 40
9 7 5
9 22 87
9 14 25
9 21 71
10 7 74
10 22 87
10 26 56
10 5 75
10 21 53
10 20 51
10 11 25
10 17 92
10 23 84
11 20 10
11 29 22
11 19 23
11 17 7
11 21 14
12 12 92
12 7 11
12 31 25
12 9 49
12 27 42
12 22 92
12 28 75
12 13 49
13 21 85
13 7 54
13 32 19
13 11 1
13 20 29
13 6 49
13 14 11
13 10 14
13 27 10
14 9 52
14 3 20
14 30 99
14 17 25
14 2 45
14 23 3
15 8 44
15 22 15
15 18 49
15 13 19
15 15 97
16 25 99
16 5 58
16 28 23
16 14 93
16 34 80
16 26 58
16 27 16
16 4 57
17 31 73
18 6 47
18 4 76
18 31 70
18 20 45
18 14 82
19 1 52
19 20 100
19 36 77
19 11 90
19 34 13
19 29 4
19 28 62
19 7 2
20 15 24
20 2 86
20 22 86
20 8 27
20 17 58
20 32 33
20 9 55
20 1 90
20 16 30
21 13 26
21 36 35
21 30 42
21 33 46
21 21 19
21 34 40
21 24 80
21 37 88
22 31 38
22 28 50
22 35 96
22 19 17
22 8 6
22 10 83
22 17 35
22 36 2
22 38 72
23 26 14
23 38 86
23 16 13
23 11 33
23 28 14
23 39 22
24 10 83
24 5 45
24 40 23
24 13 62
24 19 51
24 17 67
24 8 60
24 16 40
25 29 55
25 35 46
25 14 87
26 40 23
26 14 19
26 33 6
27 38 3
27 32 78
27 21 15
27 31 35
27 41 73
27 46 34
27 37 88
27 24 19
28 21 71
28 11 69
28 40 86
28 30 81
28 35 3
28 27 28
28 33 44
29 32 73
29 30 82
29 12 33
29 34 94
30 41 93
30 32 23
30 16 65
30 30 88
30 10 14
31 41 71
31 46 34
31 42 61
31 27 68
32 42 41
32 26 96
32 36 20
32 17 77
32 30 3
33 39 79
34 25 85
34 32 65
34 53 53
36 36 27
36 26 58
36 51 77
36 43 44
36 54 65
36 45 83
36 22 66
37 34 75
37 42 28
37 46 29
37 40 21
37 39 63
37 20 97
37 38 96
38 42 61
38 20 17
38 48 27
38 29 72
38 45 54
41 49 64
41 41 52
41 43 30
41 54 59
42 27 8
42 59 1
42 40 40
42 45 61
42 26 78
42 50 14
42 29 2
42 32 61
43 56 85
43 28 41
43 54 5
43 58 57
43 55 51
43 46 86
43 59 17
43 49 58
44 61 38
44 55 70
44 25 97
44 46 18
44 56 18
44 40 86
45 48 30
46 31 60
46 38 97
46 41 54
46 28 85
46 40 55
46 43 70
46 29 8
46 57 36
46 53 49
47 45 24
47 49 55
47 58 42
47 42 60
47 52 22
49 43 6
49 52 51
49 67 80
49 50 94
49 66 35
49 65 94
50 55 63
50 58 82
50 50 14
50 31 56
50 45 43
50 52 12
51 55 79
51 63 44
51 47 74
51 31 14
51 66 73
51 49 11
51 48 33
52 47 70
52 63 41
53 38 91
53 50 90
53 63 46
53 66 15
53 44 41
53 37 59
53 48 60
53 65 6
54 55 4
54 63 76
54 42 93
54 71 50
55 36 28
55 62 42
55 44 41
55 48 75
55 72 16
55 38 14
56 60 2
56 68 60
58 65 85
58 73 87
58 56 71
58 45 48
58 42 4
58 59 64
58 64 64
58 48 72
59 39 65
59 61 20
59 72 92
59 63 19
59 71 51
59 44 76
59 58 4
59 57 48
59 47 72
60 73 76
60 65 13
60 66 79
60 49 63
61 66 90
61 65 66
61 61 46
61 69 19
61 71 2
61 44 33
61 73 53
61 48 71
61 62 4
62 49 1
62 51 16
62 47 29
63 70 89
63 66 38
63 52 64
64 45 89
64 66 9
64 64 22
64 82 55
64 52 47
64 54 50
64 47 31
64 72 68
64 60 84
65 71 86
65 83 54
65 74 25
65 73 24
65 84 58
66 70 56
66 84 27
66 57 26
66 81 2
66 75 97
66 50 43
67 80 43
67 83 49
67 79 27
67 53 74
67 76 5
68 74 13
68 63 94
68 53 37
68 64 42
68 62 95
69 61 37
69 87 83
69 84 16
69 60 31
69 50 26
69 86 87
72 86 94
72 85 17
73 61 63
73 86 55
74 88 4
74 70 49
74 58 18
75 84 29
75 55 81
75 93 59
77 58 65
77 80 77
77 60 10
77 79 62
77 66 49
78 71 75
78 78 3
79 90 70
79 97 60
79 67 20
80 63 46
81 85 93
82 95 99
82 91 23
82 80 38
82 72 62
82 96 9
83 102 94
84 93 38
84 82 1
84 75 65
84 101 16
84 99 16
86 78 89
86 68 55
86 71 11
86 70 75
86 86 16
86 97 42
86 101 80
86 96 99
86 99 89
87 79 57
87 76 14
87 75 42
87 97 24
87 70 29
87 91 79
87 67 72
88 82 72
88 81 68
88 101 96
88 76 26
88 104 30
90 99 94
90 76 81
90 106 50
90 97 29
90 109 65
90 91 6
90 96 17
90 77 82
91 91 87
91 92 63
91 72 65
91 100 16
92 105 25
92 93 46
93 96 32
93 79 69
94 76 8
94 101 82
94 86 37
94 104 15
94 83 85
94 110 91
94 87 97
94 106 55
95 103 49
95 86 13
95 109 40
95 113 23
95 99 96
96 105 80
96 114 24
97 103 60
97 95 87
97 113 63
97 110 59
97 99 47
97 109 38
97 82 48
97 79 8
98 108 93
98 78 79
98 117 53
98 86 83
98 98 16
98 93 63
98 85 37
98 115 19
99 107 52
99 95 31
99 88 26
99 97 30
99 79 41
99 106 63
99 94 76
100 81 55
100 118 47
101 107 89
101 90 39
101 104 76
101 116 22
102 97 29
102 116 71
102 107 65
102 119 63
102 83 25
103 112 31
103 86 51
103 96 26
103 113 38
103 99 38
103 121 94
103 119 15
103 87 92
103 98 6
104 88 38
104 107 65
104 94 9
104 92 82
104 89 53
104 97 53
104 118 77
105 121 73
105 94 41
105 99 20
105 108 12
105 106 90
105 104 66
106 111 17
106 96 16
106 95 65
106 92 94
106 120 10
108 101 90
108 89 73
108 96 59
108 119 69
108 114 11
109 103 80
109 119 53
110 121 96
110 94 75
111 113 56
111 111 75
111 103 22
111 93 48
112 121 6
112 127 95
112 122 44
112 126 82
112 104 73
112 131 29
112 124 63
113 101 16
113 121 24
113 132 35
113 97 87
113 131 46
113 99 67
113 113 68
114 121 33
114 130 75
115 116 84
115 117 32
115 111 84
115 123 24
115 113 77
115 115 12
115 105 26
116 102 78
116 105 44
116 110 78
116 124 69
117 133 84
118 105 27
118 129 98
118 110 4
118 125 9
118 123 9
118 136 38
118 101 14
118 119 51
119 130 51
119 128 93
119 113 70
119 100 66
119 126 14
119 132 35
119 131 73
119 129 2
120 117 78
120 110 3
121 122 91
121 124 38
121 120 96
121 110 28
122 132 83
122 120 27
123 133 29
123 114 59
123 116 61
123 126 87
123 125 11
123 135 29
123 137 42
124 127 68
124 129 39
124 105 58
124 134 15
124 142 59
124 125 64
124 140 8
124 113 36
125 140 87
125 131 34
125 105 31
125 113 29
125 117 34
127 122 11
127 146 38
127 119 83
127 115 53
127 116 45
127 141 9
128 115 33
128 123 9
129 126 44
129 118 16
129 110 90
129 129 13
130 113 52
130 144 34
130 121 1
130 124 91
130 127 20
130 130 79
130 134 41
130 117 100
131 114 39
131 123 94
131 122 61
131 145 41
131 128 86
132 132 6
132 143 93
132 122 50
132 130 80
132 123 78
132 145 94
132 129 27
132 148 91
132 134 79
133 131 90
133 152 50
133 117 73
133 133 9
133 120 9
133 150 4
133 123 8
133 149 75
133 115 12
134 115 57
134 124 64
134 117 17
134 126 53
134 135 55
134 127 63
134 150 61
134 129 5
134 153 37
136 148 88
136 140 41
136 153 7
136 146 42
136 118 50
136 119 59
136 141 22
136 131 97
137 155 79
137 136 59
137 134 51
137 124 30
137 118 96
137 153 54
138 142 66
138 131 9
138 130 44
138 127 15
138 126 56
138 149 74
138 120 49
138 129 87
138 124 78
139 148 17
139 153 92
139 151 47
139 132 92
139 134 50
139 136 41
139 131 37
140 127 27
141 156 84
141 155 81
142 147 66
142 155 62
142 140 79
142 160 41
142 133 48
142 127 71
142 137 90
144 137 66
144 138 83
144 131 33
144 140 68
144 126 83
144 134 42
144 155 88
144 149 80
144 125 39
145 132 9
146 162 60
146 155 23
146 152 87
146 141 29
146 140 61
146 139 78
147 150 62
147 158 83
147 142 98
147 153 53
147 148 97
147 128 22
147 154 25
147 165 36
148 142 60
148 166 75
148 141 23
148 163 44
148 136 54
148 160 48
150 168 51
150 131 62
150 169 56
150 133 17
150 143 62
150 135 74
151 161 54
151 152 88
151 150 11
151 134 66
152 141 82
152 164 77
153 140 91
154 139 73
155 164 21
155 140 32
156 149 7
156 154 49
156 142 72
156 172 98
156 156 95
156 145 89
156 165 85
156 153 16
157 141 69
157 163 29
157 154 19
157 167 100
157 162 87
157 176 21
159 152 16
160 178 81
160 151 68
160 167 45
160 166 8
160 140 28
161 172 53
161 169 94
161 146 38
161 145 78
162 150 23
162 155 1
162 164 38
162 180 89
162 177 90
162 149 82
163 167 88
163 144 94
163 160 2
164 151 66
164 177 5
165 160 26
165 166 65
165 177 7
165 161 44
166 146 81
166 174 12
166 179 69
167 163 80
168 148 32
168 161 80
168 171 60
168 164 96
168 153 75
168 183 81
168 163 26
168 179 9
169 185 3
169 181 6
169 149 76
169 151 86
169 186 3
169 177 81
169 169 77
169 167 94
169 175 75
170 167 81
170 165 73
170 150 8
171 177 42
171 179 82
171 159 16
171 187 26
171 160 13
172 167 63
172 155 43
172 173 23
172 184 49
172 170 69
172 189 15
175 194 70
175 170 4
175 155 80
175 180 92
175 176 82
176 189 34
176 185 88
177 170 84
177 177 15
178 162 64
178 187 53
178 182 70
178 188 6
178 165 95
178 164 77
178 161 41
178 197 91
179 189 72
179 184 22
179 182 90
179 194 79
179 178 7
179 181 36
179 166 97
179 192 89
180 179 94
180 190 63
180 165 2
180 185 8
180 167 70
181 192 58
181 199 46
181 198 19
181 165 73
182 190 65
182 163 24
182 172 5
183 190 98
184 175 64
184 185 64
185 170 22
186 176 96
186 187 23
186 178 52
186 181 56
186 199 39
187 169 9
187 181 23
187 194 46
187 185 45
187 177 40
187 201 5
187 190 26
187 205 25
187 188 31
188 191 95
188 178 47
188 195 46
189 185 51
189 178 39
189 172 36
189 186 10
189 199 25
190 187 75
190 170 73
190 183 56
190 184 62
190 186 7
190 194 76
190 192 20
190 191 33
191 190 80
191 174 68
191 207 26
191 209 38
192 211 78
192 189 92
192 208 96
192 192 2
192 205 33
192 188 81
192 207 8
192 196 75
193 203 77
193 174 52
193 182 91
193 187 73
193 204 90
193 200 91
193 212 94
193 186 64
193 196 6
194 213 96
194 193 69
194 212 84
194 209 22
194 207 27
194 176 39
195 196 100
195 193 92
195 198 44
195 209 44
195 204 3
195 202 3
195 182 47
195 186 38
196 176 17
196 186 63
196 191 27
198 200 61
198 207 6
198 212 64
198 180 96
198 184 61
198 216 89
198 189 46
199 204 68
199 208 43
199 202 48
199 201 18
199 198 24
199 205 4
199 187 52
201 199 68
201 197 6
201 192 63
201 200 76
201 217 32
201 196 45
202 185 89
203 193 20
203 215 92
203 206 34
203 198 43
203 192 1
204 222 86
204 201 34
204 197 91
204 207 51
205 187 72
205 196 91
205 203 42
206 193 53
206 204 80
206 208 84
206 216 3
206 194 23
206 201 36
206 187 43
206 220 100
207 205 43
207 224 42
207 194 70
207 212 81
207 220 65
207 217 62
207 211 63
207 210 3
208 222 30
208 220 75
208 217 31
208 192 45
208 197 19
208 213 64
208 201 71
208 199 48
208 219 70
209 207 4
209 221 80
209 202 44
209 191 89
209 192 35
209 199 23
209 189 12
209 201 52
211 207 77
211 209 21
211 206 49
211 229 80
211 226 58
211 194 63
211 213 63
214 227 42
214 200 89
215 232 93
215 213 68
215 224 66
215 207 20
215 196 4
215 205 29
215 226 90
216 226 73
216 220 8
217 225 82
217 207 11
217 214 72
217 233 60
217 200 41
218 235 94
218 228 75
218 231 83
219 220 91
219 221 8
219 236 52
220 210 18
220 200 4
220 206 84
221 220 46
222 213 66
222 203 41
222 211 98
222 205 51
222 220 22
222 217 82
223 234 88
223 242 5
223 222 39
223 223 31
223 224 19
223 208 41
223 231 60
224 242 61
224 222 36
225 219 68
226 242 62
226 232 39
226 236 39
227 242 18
227 218 61
227 239 59
227 240 56
227 232 27
227 208 35
228 241 49
228 240 94
228 221 38
228 231 91
228 219 95
228 236 28
228 226 90
228 216 80
228 215 50
229 238 76
230 219 37
230 249 24
230 213 32
230 244 62
230 235 68
230 226 94
230 234 67
230 243 9
231 215 93
231 238 49
231 240 31
232 226 91
233 236 5
233 252 75
233 248 7
233 251 90
233 231 10
233 222 48
233 213 19
234 229 27
234 223 4
234 240 13
234 214 71
235 250 42
235 241 52
235 244 88
235 218 86
235 245 51
235 221 56
236 224 3
237 239 25
237 222 73
237 249 86
237 245 47
237 226 79
237 220 26
237 242 61
238 236 22
238 233 21
238 225 74
238 232 52
238 253 37
239 220 38
239 249 75
239 255 72
239 219 36
240 222 26
240 258 74
240 252 38
240 245 63
240 257 93
241 228 47
241 244 32
241 256 40
241 239 30
241 226 95
241 260 46
241 253 76
241 243 73
241 234 81
242 239 43
242 230 4
242 259 26
242 236 2
242 260 83
242 231 37
242 241 39
242 223 27
243 260 76
243 227 82
243 243 62
244 226 49
244 239 85
245 242 8
245 258 85
245 249 60
245 246 59
245 228 69
245 262 20
246 227 92
246 250 24
246 261 73
246 235 42
246 241 37
246 263 60
246 246 53
247 228 30
247 235 28
247 265 25
248 262 34
248 233 39
248 238 63
248 257 85
249 267 24
249 234 1
249 253 94
249 254 13
249 236 8
249 266 85
249 259 35
249 240 22
249 243 91
250 268 87
250 248 22
251 268 77
251 245 70
251 259 28
251 244 69
252 254 39
252 232 20
252 270 91
252 256 40
252 268 9
252 264 79
253 260 40
253 267 21
253 261 42
253 271 43
254 235 5
254 260 57
255 268 9
255 236 34
255 241 5
255 260 43
255 237 61
255 255 44
255 253 88
255 258 92
255 249 16
256 237 13
256 247 60
256 254 71
256 240 8
256 243 85
256 267 2
257 275 42
257 267 14
257 249 56
257 257 94
257 269 3
257 273 44
257 250 67
257 248 76
257 245 33
258 267 4
259 266 93
259 250 54
259 271 71
259 278 73
259 246 95
259 264 41
259 262 63
259 248 8
259 277 61
260 251 55
261 275 24
261 270 90
261 247 88
261 277 33
261 271 40
261 267 23
261 244 61
262 267 92
262 261 87
262 249 30
263 280 46
263 279 89
264 278 67
264 277 61
265 276 39
265 272 77
265 263 15
265 245 54
265 252 70
265 261 23
265 247 8
265 268 61
265 278 31
266 249 77
266 280 27
266 283 35
266 266 72
266 278 65
266 272 94
266 270 76
268 268 52
268 284 80
269 286 90
269 250 86
269 281 35
270 251 64
270 274 47
270 258 9
270 287 31
271 275 75
271 277 38
271 272 19
272 264 92
273 256 62
273 284 62
275 264 92
275 255 80
275 292 18
275 289 96
275 256 37
275 282 29
275 268 10
275 276 4
276 272 84
276 263 86
276 258 31
276 293 82
276 286 67
276 267 78
276 261 65
276 294 72
276 291 93
277 274 6
278 269 81
278 278 31
278 293 21
280 298 87
280 264 90
280 291 45
280 288 11
280 299 60
280 267 10
280 296 1
281 274 59
281 291 94
281 267 50
281 275 73
281 261 95
281 287 30
282 290 60
283 284 89
284 297 86
284 294 30
284 285 61
284 272 83
284 266 7
284 302 80
285 272 39
285 294 84
285 285 96
285 291 34
285 302 18
285 279 54
285 280 59
286 269 94
286 292 52
286 286 95
287 281 13
287 284 52
287 282 18
287 279 93
287 304 31
287 280 97
287 297 90
288 277 87
288 292 41
288 290 70
288 268 94
288 280 63
288 282 28
288 275 95
288 293 14
289 302 94
290 273 96
290 272 82
290 296 10
290 278 69
291 302 55
291 306 28
291 304 41
291 293 28
292 289 41
292 294 1
292 272 59
292 308 55
292 287 31
292 303 96
292 295 23
293 302 12
293 284 55
293 273 54
293 286 22
293 298 29
293 276 1
293 308 72
295 290 32
295 275 35
297 311 49
297 296 66
297 313 13
297 299 53
297 288 88
297 301 58
298 314 71
298 288 83
298 299 94
298 297 33
298 282 32
298 313 5
298 304 67
298 296 2
299 282 42
299 299 96
299 317 60
300 308 30
300 288 55
300 293 80
301 307 80
301 298 38
301 283 16
301 293 24
301 313 49
301 284 54
301 309 96
301 318 9
301 292 94
302 303 3
302 292 29
302 298 6
302 287 24
302 291 16
303 288 85
303 321 46
303 283 34
304 304 69
304 318 34
304 289 49
304 285 33
304 300 11
305 307 2
305 311 36
307 294 38
308 296 34
308 323 72
308 291 43
309 328 35
310 323 31
310 291 35
311 297 7
311 322 44
311 319 28
311 330 85
311 315 94
311 326 25
311 305 83
311 318 28
312 318 87
312 321 41
312 329 51
312 331 79
312 328 78
313 295 1
313 304 26
313 316 96
314 309 5
314 300 69
314 295 36
314 312 26
314 327 24
314 326 19
315 331 40
315 301 95
315 298 23
315 326 81
315 310 59
315 302 71
315 325 74
316 309 55
316 312 73
316 306 42
316 297 47
316 301 14
316 320 30
316 311 4
317 330 68
317 324 41
317 336 42
317 302 35
320 321 93
320 313 18
320 337 4
320 323 94
320 339 12
320 305 29
320 318 49
322 306 55
322 325 54
323 330 47
323 329 62
323 327 39
323 314 87
323 308 100
323 319 29
324 335 20
324 310 18
324 317 88
324 325 13
324 331 100
324 308 98
324 305 29
325 329 69
325 313 42
326 328 21
326 310 19
326 331 20
326 330 75
326 325 50
326 320 96
327 339 52
327 324 15
327 310 52
328 318 18
328 311 19
328 332 53
328 334 70
328 316 38
328 345 25
328 335 49
328 341 83
328 339 70
329 346 15
329 333 85
329 332 96
330 323 93
331 341 100
331 321 94
331 345 50
331 325 15
331 324 70
331 329 66
331 344 39
331 342 53
332 340 50
332 320 46
332 343 21
333 344 69
333 334 59
333 350 48
333 335 39
333 315 24
333 339 7
334 350 46
334 345 24
334 352 51
334 331 37
334 320 11
334 327 52
334 314 45
334 337 42
334 319 79
335 340 15
335 342 25
335 319 57
335 352 28
335 350 3
335 321 69
335 333 80
335 326 90
335 353 91
336 326 33
336 325 97
336 346 13
336 318 30
336 348 37
337 350 77
337 347 86
337 329 52
337 354 52
337 318 36
337 330 73
337 353 17
338 349 26
338 356 97
338 337 45
338 334 27
338 340 59
338 346 22
338 344 9
338 335 29
339 346 50
339 319 46
339 327 63
339 345 20
339 356 92
339 326 86
339 350 7
339 323 55
339 328 10
340 341 46
340 345 17
340 340 98
340 335 91
340 357 50
340 325 87
341 356 44
341 338 31
341 328 56
341 323 54
341 321 55
341 330 89
341 336 9
341 351 41
342 359 8
342 336 5
342 327 100
342 354 14
342 334 83
342 345 52
342 331 38
342 355 1
342 346 84
343 331 11
343 351 42
343 335 38
343 327 100
343 344 70
343 346 57
343 323 88
344 334 21
344 359 64
345 342 78
345 339 35
345 358 34
345 363 87
345 349 35
346 355 13
346 350 25
346 358 5
346 348 56
346 359 63
347 331 61
347 329 54
347 364 23
349 366 7
349 340 98
349 354 37
349 368 91
349 347 86
349 336 85
349 361 26
350 345 29
350 348 43
350 358 96
350 352 38
350 356 68
350 343 94
351 357 10
351 335 55
351 356 40
351 337 10
351 343 100
352 368 62
352 339 19
352 345 28
352 364 97
352 361 42
355 370 87
355 338 67
355 359 37
355 372 17
356 365 72
356 340 78
356 341 1
358 343 19
358 366 7
358 347 9
358 359 26
358 354 81
359 369 85
359 366 29
359 355 5
359 359 24
359 343 12
359 339 51
360 343 67
360 361 71
360 345 7
360 348 57
361 367 58
361 379 100
361 375 56
361 372 91
361 373 59
361 377 18
361 351 68
362 376 47
362 364 3
362 381 27
362 357 7
362 372 87
362 358 23
362 363 13
363 347 58
363 353 39
363 375 45
363 344 81
363 343 44
363 359 62
364 363 9
364 354 53
364 362 20
364 351 85
364 371 78
364 379 14
364 373 72
365 364 37
365 366 2
366 355 59
366 382 70
366 363 5
366 384 3
367 385 33
367 372 17
367 348 80
367 370 28
367 358 14
368 368 17
368 356 20
369 382 60
369 360 72
369 352 65
369 387 13
369 373 60
369 370 75
369 362 60
369 383 50
369 384 23
370 366 78
371 356 92
371 369 11
372 367 88
372 376 23
372 391 42
372 360 5
372 386 69
372 353 73
372 380 75
373 370 34
373 354 46
373 371 16
373 367 53
373 359 57
373 357 67
374 378 41
375 371 77
375 382 6
375 373 92
375 356 66
376 387 60
378 374 44
378 382 65
378 383 58
378 380 67
378 393 47
378 390 90
378 364 46
379 391 2
379 365 54
379 383 50
381 387 26
381 371 37
381 396 94
381 364 33
381 377 97
383 375 51
383 373 96
383 393 16
383 399 62
383 363 85
383 372 35
385 371 37
385 389 91
386 388 67
386 402 89
386 391 2
386 376 51
386 387 94
386 404 55
386 399 96
388 375 21
388 393 84
388 384 34
388 398 33
388 397 40
388 391 18
388 377 54
388 407 14
390 395 62
390 401 19
391 384 8
391 405 77
391 388 12
392 396 67
392 383 43
392 390 23
392 407 88
392 389 59
392 374 11
392 398 66
392 392 66
392 406 85
394 374 7
394 400 3
394 390 34
394 385 68
394 389 46
395 409 49
395 414 80
395 403 22
395 407 98
395 412 10
396 407 59
396 378 60
397 416 100
397 377 21
397 413 85
397 409 16
397 410 86
397 398 100
397 384 9
398 387 82
398 417 9
398 385 60
398 404 50
399 405 25
399 386 75
399 383 29
399 404 82
399 413 50
400 398 8
400 413 5
400 405 98
400 397 56
400 381 44
400 393 98
400 419 37
400 415 34
401 391 53
401 405 80
401 389 71
401 415 73
402 403 16
402 388 32
402 382 76
402 402 15
402 400 58
402 412 39
403 390 43
404 414 32
404 405 20
404 417 73
404 387 3
404 406 29
404 385 99
404 391 46
404 390 23
405 419 78
405 389 84
405 412 41
405 390 65
405 388 38
405 398 69
407 413 59
407 419 57
407 425 2
407 409 77
407 391 24
409 399 76
409 420 51
410 398 21
410 411 84
410 428 93
410 414 46
410 417 63
411 409 60
411 422 17
411 403 33
412 395 89
413 409 17
413 411 40
413 396 6
413 430 47
413 402 76
414 421 21
414 424 43
414 409 90
414 407 81
414 427 78
414 420 82
414 419 23
415 414 86
415 428 36
415 410 84
415 421 97
415 403 86
416 397 61
416 418 37
417 436 37
417 429 66
417 435 99
417 413 87
417 408 77
417 424 22
417 399 46
417 419 65
418 410 58
418 408 21
418 412 60
418 398 99
418 429 61
418 428 92
418 425 34
418 433 37
418 417 76
420 416 73
420 423 87
420 407 16
420 422 96
420 406 57
420 426 38
421 427 65
421 406 66
421 429 41
421 401 15
421 435 13
421 433 39
421 431 50
421 420 80
422 440 18
422 423 46
422 433 70
423 431 66
423 405 74
423 404 71
423 430 54
423 438 30
423 429 90
423 426 72
423 424 60
423 434 73
424 410 89
424 414 69
424 443 56
424 408 37
425 411 28
425 438 24
425 416 28
425 426 74
425 419 3
425 432 18
425 428 54
425 440 96
426 412 71
426 425 6
426 422 34
427 419 80
427 446 27
427 440 86
428 419 45
428 435 72
428 415 100
428 447 97
428 443 53
429 442 58
429 439 60
430 416 10
430 435 87
430 429 60
430 443 36
430 438 2
430 439 57
430 421 79
431 446 44
431 445 17
431 435 12
431 436 23
432 429 96
433 451 84
433 431 96
433 415 84
433 444 4
434 434 91
434 414 9
435 437 59
435 433 58
435 416 21
435 443 57
435 448 33
436 438 68
436 416 59
437 444 95
437 440 65
437 441 15
437 443 91
438 433 64
438 445 93
438 449 20
438 418 19
438 426 49
440 431 67
440 447 9
440 426 26
440 459 19
440 440 36
440 454 57
440 456 35
440 420 52
440 428 79
441 450 25
441 437 95
441 431 90
441 433 20
442 444 45
443 442 10
443 450 38
443 449 17
444 433 24
444 443 15
444 439 45
444 460 70
444 442 77
444 456 47
444 441 16
445 441 89
445 447 75
445 438 16
445 429 30
445 427 85
445 457 50
445 461 27
445 440 17
446 458 60
446 461 18
446 430 55
446 429 25
446 465 23
447 440 14
448 461 74
448 448 76
448 462 86
448 449 23
448 436 96
448 454 21
448 439 89
449 461 78
449 462 9
449 443 23
449 465 38
449 445 4
449 439 13
449 438 54
449 448 100
449 431 3
450 439 55
450 444 39
451 457 64
451 445 73
451 459 54
451 454 8
452 445 38
452 447 80
452 453 45
452 451 62
452 459 77
452 464 46
452 444 29
452 468 12
453 468 30
453 469 33
453 471 50
453 453 97
453 437 21
454 440 84
454 439 75
454 445 89
454 452 65
454 458 78
454 467 43
455 458 53
455 460 12
455 437 25
455 464 36
457 445 56
457 441 42
457 466 82
457 456 3
457 440 93
457 449 13
458 439 48
458 443 91
458 447 60
458 466 40
458 458 72
458 456 41
458 454 49
458 442 46
458 448 99
459 459 16
459 463 27
459 471 80
459 472 83
459 444 37
459 452 6
460 452 39
460 445 65
460 478 100
460 472 9
460 456 39
460 458 39
460 459 70
461 443 70
461 450 19
461 468 59
461 464 62
462 472 87
462 468 4
462 446 1
463 466 48
463 479 67
463 473 66
463 475 1
463 460 74
463 469 69
463 480 80
463 467 29
465 470 68
465 477 35
465 457 70
465 447 71
465 456 36
465 455 12
465 469 51
465 445 46
466 480 88
466 463 66
466 468 89
466 479 16
466 465 38
466 474 70
466 452 31
467 447 22
467 486 82
467 473 21
467 458 55
467 460 85
467 484 100
467 463 30
467 477 58
467 452 66
468 457 95
468 480 71
468 487 18
468 481 54
469 466 61
469 474 54
469 480 63
469 465 55
469 481 35
469 459 94
469 461 48
470 471 45
471 457 86
471 490 19
471 478 69
471 485 51
471 483 100
471 471 36
471 469 93
471 487 83
471 480 17
472 490 84
472 491 36
472 489 71
472 483 43
472 472 78
472 458 96
472 455 53
472 487 86
472 480 79
474 483 65
475 481 58
475 472 42
475 473 94
475 471 34
475 468 69
476 471 10
476 472 82
476 457 40
477 460 100
477 468 50
477 459 7
477 467 88
479 482 89
479 486 84
479 459 59
479 465 39
479 497 86
479 488 99
479 495 71
479 474 97
479 462 89
480 486 91
480 495 70
480 499 42
480 497 46
480 474 59
480 478 95
480 491 42
480 480 33
480 476 39
481 481 86
481 474 85
481 468 86
481 487 71
481 477 82
481 471 50
481 489 78
481 500 36
482 479 52
482 473 18
482 495 72
483 472 32
483 467 43
483 490 1
483 471 17
483 497 100
483 500 41
484 487 42
485 494 40
486 481 100
486 469 46
486 472 2
486 490 84
486 495 36
486 491 71
486 498 53
486 470 74
486 486 56
487 497 44
487 472 15
487 487 59
487 471 9
487 498 68
487 475 91
487 486 81
487 479 1
488 472 83
488 499 7
488 496 45
488 494 37
489 497 39
489 494 13
489 496 47
489 488 53
489 480 57
489 499 58
490 480 71
490 495 26
490 498 75
490 484 44
490 499 37
490 473 17
491 485 2
491 492 56
491 486 75
491 493 40
491 473 25
491 491 76
491 488 77
491 495 65
492 487 26
492 483 89
492 496 7
492 482 85
492 491 80
492 479 46
492 486 39
493 493 33
493 479 23
493 498 30
493 481 40
493 480 95
493 483 49
494 484 19
494 490 91
494 476 44
494 495 94
495 490 27
495 477 81
495 491 62
495 475 46
495 481 22
495 497 83
495 486 71
496 499 64
496 487 93
496 491 18
496 488 82
496 477 53
497 496 54
497 478 65
498 478 45
498 491 3
498 496 3
499 488 59
499 494 91
499 500 6
500 483 88
500 481 27
500 490 10
500 500 36
500 491 75
500 495 10
500 496 91
500 492 55
