3500 3667 2676 209
1 3500
2 735
3 1341
4 2169
5 1590
6 1515
7 2264
8 717
9 2803
10 103
11 243
12 3313
12 2090
13 1033
14 2970
15 432
16 2626
17 2247
18 2551
19 947
20 1265
21 2611
22 3026
23 325
24 2333
25 3495
26 120
26 2504
27 2792
28 2559
29 14
29 145
30 2715
31 1439
32 2562
33 2246
34 612
35 285
36 1829
37 3007
38 2771
39 1788
40 1081
41 2216
42 1540
43 1044
44 2583
45 1483
46 1301
47 299
48 900
49 2885
50 2423
51 687
52 1887
53 838
54 1853
55 2595
56 2643
57 3249
58 2375
59 3298
60 2356
61 1722
62 1250
63 2931
64 1261
65 2824
66 85
67 90
68 645
69 373
70 3237
71 2882
72 200
73 2150
74 3005
75 1529
76 1171
77 2379
78 970
79 1837
80 1692
81 3167
82 261
83 1245
84 2633
85 2171
85 10
85 1297
86 1907
87 60
88 2382
89 3003
90 619
91 2249
92 42
93 160
94 2678
95 849
95 3240
96 1637
97 1381
98 2467
99 2160
100 2372
101 162
102 1132
103 1721
104 2442
105 1690
106 918
107 539
108 396
109 2588
110 2243
111 1423
112 1170
113 2004
113 661
114 2912
115 1001
116 1563
117 1189
118 2367
119 2873
120 2346
121 3458
122 37
123 2606
124 3076
125 770
126 3312
127 3025
128 546
129 2452
130 1917
131 866
132 2493
132 751
133 3000
134 925
135 2755
136 1928
137 2986
138 83
139 2849
140 2408
141 47
142 1662
143 94
144 1646
145 2102
146 2195
147 3028
148 3275
149 1032
150 1116
151 1311
152 461
153 1217
154 2984
155 1845
156 2544
157 589
158 1289
159 1228
160 1084
161 1409
162 2609
163 1652
164 2280
165 264
166 1177
167 3045
168 2573
169 1379
170 24
171 1355
172 2726
173 1870
173 1236
174 2553
175 1659
176 3162
177 2028
178 2061
179 2133
180 230
181 3446
181 1276
182 3482
183 153
184 3220
185 655
186 1556
187 51
188 1967
189 834
190 93
191 2396
192 1014
193 500
194 347
194 714
195 1195
196 1354
197 1855
198 1368
199 1998
200 1454
201 1283
202 999
203 537
204 46
205 3049
206 3043
207 2909
208 1654
210 1469
211 104
212 377
213 2510
214 3437
215 1305
216 2916
217 255
218 1723
219 2698
220 2434
221 2094
222 1188
223 180
224 2677
225 2891
226 1088
227 137
228 2856
229 782
230 3314
231 1278
232 720
233 427
234 337
235 158
236 3050
237 1002
238 1786
239 2785
240 1959
241 1672
242 3322
243 911
244 772
245 1501
246 1933
247 1396
248 2166
249 3183
249 2908
250 1980
251 3235
252 214
253 935
254 1292
255 1535
256 1006
257 522
258 1344
259 2108
260 1115
261 2437
262 2088
263 1787
264 2621
265 1795
266 1476
267 1562
268 1072
269 1297
270 2640
271 3370
272 1486
273 1466
274 2425
275 2540
276 994
277 1493
278 2153
279 1505
280 1803
281 154
282 2504
283 1826
283 2074
284 983
285 2419
286 3088
287 2199
288 3435
289 446
290 2020
291 420
292 3417
293 1182
294 3399
295 1371
296 2681
297 431
298 3095
299 1194
300 2321
301 3239
302 2971
303 2671
304 2850
305 1364
306 2037
307 2036
308 2175
309 2589
310 864
311 447
312 2527
313 1988
314 756
315 1871
316 3182
317 1656
318 3135
319 2090
320 319
321 1520
322 258
323 2082
324 1300
325 1151
326 2987
327 3207
328 2067
329 1478
330 730
331 1362
332 2363
333 3378
334 902
335 741
336 3117
337 386
338 1246
339 2571
339 1165
340 3035
341 2188
342 1891
343 1150
344 1020
344 226
345 3053
346 2848
346 1579
347 2479
348 2817
349 2428
350 1903
351 3338
352 336
353 934
354 1067
355 796
356 3493
357 362
358 3179
359 2353
360 686
361 3273
361 1516
362 3381
362 1031
363 875
364 2786
365 2418
366 3163
367 2724
368 1935
369 1036
370 2465
371 1825
372 3406
373 3488
374 1704
375 1139
376 2773
377 1715
378 2733
379 727
380 530
381 3214
382 749
383 2749
384 2903
384 2493
385 2936
386 2590
387 2438
388 2632
389 100
390 2707
391 2960
392 804
393 3238
393 1214
393 1850
394 3459
395 1253
396 177
397 835
398 1291
399 1681
400 1457
401 2966
402 2471
403 2998
404 2046
405 3413
406 3466
407 1375
408 1269
409 1995
409 1798
410 1332
411 1601
412 871
413 1322
414 145
415 2951
416 1232
417 874
418 3379
419 2026
420 991
421 3096
422 64
423 2177
424 1840
425 1017
426 1777
427 290
428 2072
429 86
430 2158
431 1934
432 744
433 184
434 1912
435 3465
436 1358
437 9
438 2834
439 2881
439 1466
440 1648
441 3160
442 2032
443 2694
444 1752
445 381
446 837
447 514
448 508
449 2293
450 2765
451 642
452 982
453 44
453 2146
454 3262
455 480
456 2462
457 2389
458 757
459 3175
460 1739
461 2448
462 3131
463 1586
464 3206
465 3387
466 1631
467 1718
468 1575
469 274
470 349
471 2357
472 2962
473 1932
474 3100
475 977
476 2552
477 220
478 2983
479 1267
479 1875
480 3198
481 1805
482 1058
483 2122
484 2416
485 3209
486 329
487 3405
488 3230
489 2673
490 1314
491 298
492 860
493 524
494 1376
495 257
496 995
497 268
498 2693
499 1131
500 1640
501 89
502 778
503 1688
504 955
505 3094
505 1479
506 1523
507 2377
508 1366
509 1750
510 3375
511 3356
512 506
513 2689
514 1824
515 706
516 627
517 534
518 1746
519 303
520 99
521 176
522 262
523 2398
524 3228
525 3137
526 2569
527 1419
528 1208
529 2101
530 2911
530 2075
531 3309
532 1937
533 1924
534 1943
535 1219
536 1962
537 873
538 2038
539 310
540 681
541 3016
542 781
543 2938
544 240
545 2932
546 957
547 2904
548 2131
549 3297
550 2596
551 958
552 1807
553 1886
554 2016
555 966
556 847
557 1241
558 15
559 2764
560 491
561 2098
562 1668
563 502
564 1214
565 247
566 3317
567 1000
568 3188
569 753
570 3292
571 2684
572 2035
573 3364
574 839
575 2468
576 2961
577 784
578 3105
579 1504
580 1848
581 675
582 2097
583 1861
584 1285
585 161
585 2124
586 1875
587 1494
588 2965
589 1815
590 1577
591 338
592 1035
593 723
594 3156
595 3119
596 2670
597 2833
598 1377
599 662
600 2085
601 1029
602 189
603 3396
604 2268
605 1857
606 3369
607 1735
608 1634
609 1460
610 3432
611 1675
612 3158
613 1405
614 178
615 3082
616 474
617 2906
618 3344
619 183
620 1173
621 2497
622 2512
622 767
623 2628
624 3391
625 2710
626 3327
627 412
628 358
629 611
630 2675
631 1279
631 2948
632 1096
633 1992
634 2662
635 1105
636 301
637 1888
638 346
639 2370
640 3276
641 758
642 2402
643 2359
644 3033
645 2446
646 1693
647 2852
648 2189
649 1390
650 2477
651 2424
652 1496
653 1403
654 1181
655 55
656 3467
657 411
658 3310
659 1102
660 2826
661 941
662 109
663 3197
664 2151
665 2091
666 2546
667 509
668 2953
669 112
670 2258
671 682
672 3054
673 2086
674 1495
675 3234
676 1137
677 402
678 227
679 2051
680 1467
681 1062
682 2033
683 1834
684 1938
685 3403
686 632
687 2921
688 2780
689 3157
690 1724
691 318
692 1071
692 2235
693 1607
693 2371
694 1028
695 1429
696 1711
697 229
698 635
699 294
700 3400
701 1676
702 3329
703 1728
704 1844
704 908
705 1747
706 382
707 2113
708 2650
709 2003
710 1537
711 2431
712 3256
713 3384
714 2917
715 2420
716 2232
717 3321
718 2843
719 2128
720 1015
721 3318
722 1518
723 1864
724 2900
725 2846
726 2071
727 3485
728 2532
729 1612
730 2877
731 3252
731 662
732 1441
733 3047
734 2623
735 1581
736 22
737 1629
738 927
739 2155
740 2988
741 586
742 603
743 613
744 2654
745 1877
746 425
747 3152
748 766
749 816
750 2196
751 119
752 792
753 3255
754 3027
755 593
756 2518
757 1921
758 1999
759 568
760 1440
761 762
762 2993
763 1215
763 927
764 2954
765 3176
766 2830
767 202
768 1809
769 715
770 1193
771 464
772 2861
773 669
774 3229
775 3246
776 1778
777 2956
778 2092
779 1447
780 1984
780 2420
781 3478
782 2007
783 3319
784 2111
785 566
786 1977
787 121
788 2141
789 2351
790 1499
791 688
792 3394
793 945
794 2591
795 2985
796 1455
797 1056
798 2412
799 2303
800 1866
801 41
802 3288
803 2777
804 3325
805 672
806 1830
807 1259
808 1547
809 2475
810 2712
811 956
812 2324
812 208
813 1990
814 57
815 679
816 2054
817 2874
818 2104
819 141
820 3014
821 3296
822 2783
823 2385
824 1564
825 2557
825 109
826 1280
827 2945
827 912
828 2132
829 1996
830 2770
831 18
832 780
833 3261
834 1993
835 3074
836 2716
837 3048
838 1435
839 390
840 1905
841 2781
842 1525
843 2011
844 595
845 2202
846 1202
847 3164
848 880
849 361
850 1585
851 1863
852 2384
853 552
854 2297
854 959
855 204
856 2725
857 1389
858 2782
859 1068
860 1011
861 2341
862 1910
863 755
864 718
865 1639
866 2522
867 1100
868 1089
869 526
870 604
871 2349
872 1268
873 454
874 1427
875 920
876 971
877 3062
878 375
879 1546
880 351
881 2638
882 400
883 3363
884 2964
885 1638
886 1295
887 3494
888 2121
889 1410
890 1464
891 1073
892 881
893 1536
894 2480
895 1474
896 2687
897 1489
898 510
899 797
900 2972
901 700
902 79
902 1407
903 1741
904 579
905 2298
906 2889
907 2235
908 2935
909 96
910 369
911 2335
912 993
913 685
914 1302
915 1432
916 973
917 26
918 1796
919 1039
920 639
921 3497
922 2505
923 2487
924 1126
925 140
926 2220
927 1434
928 853
929 1485
930 710
931 403
932 324
933 950
933 603
934 670
935 1369
936 1356
937 320
938 186
939 1833
940 503
941 696
942 2205
943 1417
944 851
945 1578
946 401
947 544
948 1588
949 1895
950 143
951 3350
952 1092
953 518
954 3266
955 3089
956 3348
957 3155
958 2201
959 582
960 1059
961 2622
962 429
963 2561
964 501
965 13
966 722
967 1881
968 1727
969 3099
970 2255
971 2218
972 1359
973 233
974 3031
975 2550
976 1884
977 73
978 1628
979 789
980 245
981 3109
982 357
983 3222
984 2241
985 2975
985 1917
986 1503
987 438
988 2890
989 1374
990 3134
991 870
992 3451
993 2697
994 1380
995 615
996 2907
997 1392
998 225
999 2910
1000 1187
1001 1689
1002 1436
1003 368
1004 836
1005 1551
1006 1961
1007 1351
1008 39
1009 2799
1010 631
1011 2345
1012 3077
1013 2137
1014 2494
1015 893
1016 2526
1017 3036
1018 915
1019 2769
1020 1078
1021 2955
1022 634
1023 450
1024 1041
1025 472
1026 2566
1027 66
1028 2519
1029 2599
1030 1771
1031 1763
1032 481
1033 1615
1034 1178
1035 1797
1036 1347
1037 3217
1038 2403
1039 3345
1040 2100
1041 2454
1042 1027
1043 2865
1044 2655
1045 739
1046 3476
1047 2929
1048 3462
1049 1760
1050 596
1051 1587
1052 146
1053 531
1054 3357
1055 2308
1056 2727
1057 3138
1058 2819
1059 1345
1060 1667
1061 2191
1062 2073
1063 2331
1064 1948
1065 1191
1066 3202
1067 1949
1068 1790
1069 114
1070 2580
1071 3293
1072 1012
1073 1733
1074 2008
1075 965
1076 2747
1077 876
1078 591
1079 2949
1080 1838
1081 2455
1082 2244
1083 2469
1084 1663
1085 27
1086 921
1087 1644
1088 1336
1088 1350
1089 810
1090 2717
1091 3269
1092 1534
1093 196
1094 2209
1095 2316
1096 799
1097 1936
1098 2878
1099 3132
1099 258
1100 1312
1101 2790
1102 1813
1103 729
1104 1180
1105 91
1106 2373
1107 2095
1108 458
1109 1623
1110 489
1111 2215
1112 1897
1113 488
1114 3081
1115 2470
1116 3412
1117 2314
1118 3433
1119 3407
1120 300
1121 3415
1122 1060
1123 1889
1124 1451
1125 1956
1126 1236
1127 2219
1128 2668
1129 1198
1130 1931
1131 2691
1132 1373
1133 2057
1134 2511
1135 2586
1136 3460
1137 1963
1138 1757
1139 2696
1140 1571
1141 2701
1142 2338
1143 2217
1144 577
1145 3475
1146 333
1147 1155
1148 2163
1149 3012
1150 344
1151 423
1152 108
1153 1783
1154 1169
1155 1904
1156 2154
1157 1076
1158 315
1159 1045
1160 3283
1161 3306
1162 929
1163 628
1164 2957
1165 2659
1166 106
1166 2776
1167 1047
1168 3354
1169 1323
1170 1119
1171 972
1172 743
1173 1526
1174 3483
1175 30
1176 23
1177 944
1178 455
1179 1445
1180 1616
1181 218
1182 3122
1183 463
1184 2918
1185 1230
1186 1238
1187 1075
1188 3487
1189 1768
1190 2556
1191 3444
1192 948
1193 270
1194 2001
1194 328
1195 736
1196 659
1197 3051
1198 2203
1198 3272
1199 763
1200 3448
1201 3287
1202 3153
1203 1184
1204 3303
1205 2585
1206 2176
1207 2578
1208 260
1208 415
1209 1144
1210 1647
1211 2225
1212 3418
1213 1979
1214 901
1215 2022
1216 1124
1217 587
1218 2391
1219 494
1220 3223
1221 862
1222 1683
1223 3410
1224 2991
1225 2656
1226 1329
1227 323
1228 2577
1228 2286
1229 1421
1230 486
1231 3128
1232 519
1233 2005
1234 2103
1235 1756
1236 2884
1237 2880
1238 2374
1238 396
1239 2143
1240 943
1241 2144
1242 2464
1243 2304
1244 1093
1245 1365
1246 284
1247 1804
1248 2711
1249 203
1250 1832
1250 900
1251 2294
1252 1842
1253 1172
1254 3103
1255 1442
1256 1680
1257 2980
1258 2161
1259 2483
1260 3277
1260 2570
1261 1206
1262 2392
1263 2644
1264 1402
1265 2049
1266 2024
1267 602
1268 3445
1269 2076
1270 1810
1271 3215
1272 359
1273 3002
1274 1725
1275 3390
1276 116
1277 1255
1278 919
1279 1408
1280 2636
1281 1754
1282 3333
1283 1698
1284 249
1285 2078
1286 2690
1287 3040
1288 457
1289 1636
1290 1022
1291 2722
1292 3484
1293 786
1294 1127
1295 194
1296 3149
1297 3201
1298 1425
1299 2330
1300 364
1301 191
1302 1204
1302 929
1303 3420
1304 525
1305 1568
1306 621
1307 159
1307 3064
1308 2498
1309 538
1310 575
1311 1251
1312 1428
1313 2567
1314 2368
1314 15
1315 254
1316 969
1317 2888
1318 2886
1319 2922
1320 1846
1321 1836
1322 2087
1323 87
1324 2139
1325 3211
1326 2329
1327 399
1328 3021
1329 1521
1330 699
1331 3231
1332 1303
1333 3295
1334 2380
1335 1473
1336 2811
1337 1123
1337 3012
1338 1065
1339 1118
1340 809
1341 2620
1342 2837
1343 3227
1344 1290
1345 1745
1346 2115
1347 2284
1348 195
1349 2453
1350 2118
1351 1008
1352 3468
1353 219
1354 923
1355 2307
1356 1242
1357 2859
1358 2531
1359 1462
1360 2946
1361 2366
1362 3090
1363 702
1364 147
1365 2908
1366 1784
1367 3097
1368 567
1369 2745
1370 1016
1371 2981
1372 3140
1373 2210
1374 479
1375 1517
1376 3058
1377 646
1378 3200
1379 1740
1380 3161
1381 2260
1382 3280
1383 936
1384 3004
1385 1918
1386 3083
1387 1621
1388 371
1389 1696
1390 828
1391 3265
1392 2899
1393 787
1394 1766
1395 2592
1396 1679
1397 2581
1398 1955
1399 2572
1400 102
1401 2746
1401 2357
1402 2410
1403 2767
1404 2021
1405 609
1406 2496
1407 3347
1408 3425
1409 1350
1410 620
1411 1982
1412 3404
1413 1819
1414 485
1415 1769
1416 2787
1417 3316
1418 887
1419 2575
1420 2825
1421 365
1422 2426
1422 52
1423 416
1424 1793
1425 2252
1426 3219
1427 383
1428 2753
1429 1026
1430 2489
1431 1920
1432 2939
1433 275
1434 1883
1435 2080
1436 3436
1437 3439
1438 961
1439 2063
1440 1142
1441 435
1442 761
1443 374
1444 2320
1444 3483
1445 2259
1446 376
1447 3438
1448 1939
1449 3251
1449 1879
1450 3324
1451 978
1452 292
1453 2520
1454 2292
1455 1296
1456 21
1457 1772
1458 3125
1459 2233
1460 3302
1460 2383
1461 2813
1462 1965
1463 1882
1464 1328
1465 460
1466 2934
1467 1061
1468 844
1469 1633
1470 2495
1471 415
1472 3019
1473 554
1474 543
1475 78
1476 1894
1477 1157
1478 2752
1479 1326
1480 3037
1481 1707
1482 1618
1482 2925
1483 1850
1484 3430
1485 273
1486 607
1487 684
1488 216
1489 2140
1490 2405
1491 2395
1492 721
1493 2579
1494 2159
1495 540
1496 527
1497 691
1498 2174
1498 828
1499 2138
1500 2040
1500 329
1501 3078
1502 3024
1503 2543
1504 3169
1505 1418
1506 11
1506 2659
1507 1782
1508 2120
1509 2228
1510 1780
1511 2555
1512 2893
1513 418
1514 3428
1515 2305
1516 1107
1517 2537
1518 653
1519 1671
1520 2325
1521 307
1522 3233
1523 2605
1524 2274
1525 1475
1526 598
1527 40
1528 58
1529 521
1530 858
1531 2
1532 2913
1533 3374
1534 1384
1535 459
1536 968
1537 590
1538 2535
1539 668
1540 3067
1541 917
1542 788
1543 1319
1544 3154
1545 3139
1546 278
1547 1841
1548 3092
1548 2232
1549 559
1550 3069
1551 2134
1552 417
1553 430
1553 2033
1554 3236
1555 654
1556 65
1557 45
1558 3335
1559 986
1560 1085
1561 2894
1562 2105
1562 1694
1563 2135
1564 330
1565 1207
1566 1561
1567 2267
1568 3307
1569 1854
1570 2738
1571 237
1572 1976
1573 1909
1574 1969
1575 938
1576 2394
1577 2222
1578 1353
1579 1858
1580 1386
1581 877
1582 1166
1583 1463
1584 2587
1585 606
1586 505
1587 3388
1588 657
1589 1968
1590 326
1591 1117
1592 1906
1593 1632
1594 3038
1595 473
1596 317
1597 2851
1598 2309
1599 1299
1600 2976
1601 2933
1602 409
1603 2197
1603 3221
1604 1748
1605 2269
1606 2227
1607 77
1608 3070
1609 3471
1610 35
1611 1413
1612 2523
1613 576
1614 3180
1615 2369
1616 1594
1617 1896
1618 2129
1619 123
1620 724
1621 445
1622 1175
1623 790
1624 1822
1625 898
1626 2443
1626 1323
1627 3250
1627 1666
1628 1210
1629 419
1630 553
1631 1141
1632 2864
1633 2649
1633 239
1634 2708
1635 28
1636 206
1637 822
1638 3450
1639 135
1640 3057
1640 1272
1641 2646
1642 2044
1643 985
1644 1872
1645 50
1646 2604
1647 1458
1648 2376
1649 2023
1650 2821
1651 904
1652 2198
1653 1048
1654 1729
1655 3041
1656 1606
1657 1190
1658 404
1659 622
1660 3496
1661 890
1662 2838
1663 2565
1664 1477
1665 2200
1666 2560
1667 1798
1668 1352
1669 2647
1670 19
1671 1407
1672 2436
1673 1470
1674 630
1675 1919
1676 234
1677 2759
1678 1622
1679 53
1680 1057
1681 34
1682 624
1683 3274
1684 617
1685 697
1686 2680
1687 3212
1688 1497
1689 1074
1690 3170
1691 1046
1692 1856
1693 149
1694 3340
1695 3172
1696 1293
1696 1376
1697 3151
1698 1791
1699 2027
1700 1013
1701 2277
1702 297
1703 277
1703 2630
1704 765
1705 759
1706 752
1707 3129
1708 3080
1709 2130
1710 2119
1711 2206
1712 2371
1713 1572
1713 3171
1714 2776
1715 434
1716 1079
1717 2013
1718 1699
1719 547
1720 769
1721 909
1721 2080
1722 1860
1723 2863
1723 329
1724 2112
1725 1286
1726 3263
1727 599
1728 1736
1729 863
1730 2761
1731 1
1732 1391
1733 470
1734 2730
1735 2614
1736 3072
1737 353
1738 1602
1739 2625
1740 1086
1741 179
1742 1315
1743 478
1744 3150
1745 1160
1746 2563
1747 3272
1748 1185
1749 776
1750 712
1751 1448
1752 2513
1753 380
1754 1262
1755 734
1756 231
1757 2509
1758 3042
1759 1199
1760 3480
1761 414
1762 2742
1763 2315
1764 428
1765 456
1766 2204
1767 1734
1768 1719
1769 643
1770 2285
1771 2718
1772 1599
1773 2805
1774 3013
1775 395
1776 3032
1776 490
1777 3084
1778 2841
1779 633
1780 897
1781 2083
1782 3193
1783 3289
1784 1316
1784 732
1785 1716
1786 818
1787 997
1788 1453
1789 2930
1790 304
1791 312
1792 192
1793 2183
1794 3402
1795 2042
1796 2262
1797 2760
1798 2461
1799 680
1800 3499
1801 1197
1802 3300
1803 2796
1804 405
1805 2723
1806 2989
1807 960
1808 1393
1809 3190
1810 2801
1811 814
1812 3247
1813 3001
1814 1308
1815 2798
1816 348
1817 2779
1818 1682
1819 2070
1820 280
1821 2050
1822 1940
1823 1869
1823 3068
1824 2871
1825 2905
1826 1767
1827 407
1828 1021
1829 3421
1829 2085
1830 2688
1831 3177
1832 1357
1833 3253
1834 1479
1835 1256
1836 2757
1837 2549
1838 1233
1839 1758
1839 1041
1840 2190
1841 2240
1842 1456
1843 504
1844 2034
1845 157
1846 1487
1847 584
1848 1498
1849 340
1850 1851
1851 3030
1852 2545
1853 1128
1854 3440
1855 1248
1856 1899
1857 3371
1858 932
1859 930
1860 1584
1861 3452
1862 545
1863 2295
1864 2041
1865 1645
1866 182
1867 2473
1868 1559
1869 1050
1870 2641
1871 1950
1872 894
1873 36
1874 1106
1875 2797
1876 2466
1877 2594
1878 2451
1879 3085
1880 2413
1881 1149
1882 760
1883 2287
1884 1762
1885 585
1886 2533
1886 2913
1887 2145
1888 443
1889 3281
1890 440
1891 959
1892 2170
1893 3470
1894 442
1894 648
1894 1165
1895 139
1896 1212
1897 1625
1898 469
1899 2152
1899 654
1900 1216
1901 3059
1902 954
1903 244
1904 3242
1905 2323
1906 1237
1907 48
1908 683
1909 742
1910 2766
1911 931
1912 854
1913 3463
1914 1484
1915 2876
1916 558
1917 618
1918 3423
1919 3264
1920 3401
1921 1168
1922 3145
1923 286
1924 1859
1925 3397
1926 3060
1927 1849
1928 952
1929 1416
1930 291
1931 3218
1932 477
1933 2242
1934 1412
1935 3409
1936 731
1937 1867
1938 2149
1939 334
1940 63
1941 807
1942 393
1943 716
1944 1288
1944 3027
1945 3065
1946 3199
1947 2300
1948 2942
1949 2450
1950 1146
1951 1670
1952 2617
1953 2075
1954 3029
1955 2397
1956 565
1957 391
1958 3326
1959 354
1960 1167
1961 342
1962 1372
1963 651
1964 517
1965 1064
1966 820
1967 878
1968 2603
1968 3059
1969 865
1970 3142
1971 2807
1971 826
1972 1260
1973 115
1974 861
1975 801
1976 2919
1977 1275
1978 852
1979 1731
1979 2602
1980 1516
1981 71
1982 3304
1983 831
1984 1201
1985 2997
1986 549
1987 3216
1988 2977
1989 1037
1990 341
1991 2892
1992 29
1993 2207
1994 2276
1995 764
1996 3305
1997 779
1997 1355
1998 1054
1998 2760
1999 2870
2000 2887
2001 3355
2002 872
2003 1414
2004 1539
2005 3185
2006 56
2007 2820
2008 2539
2009 821
2010 2060
2011 2602
2012 133
2013 226
2014 3339
2015 3110
2016 181
2017 671
2018 967
2019 1653
2020 1338
2021 1642
2021 2132
2022 541
2023 2816
2024 117
2025 1452
2026 2616
2027 1257
2028 2855
2029 690
2030 151
2031 563
2032 1395
2033 3282
2034 992
2035 2254
2036 1094
2037 3492
2038 1818
2039 3225
2040 2077
2040 115
2041 1274
2042 2854
2043 367
2044 2459
2045 293
2046 484
2047 2672
2048 2901
2049 3168
2050 3141
2051 1394
2052 497
2053 2457
2054 2554
2055 827
2056 2968
2057 636
2058 913
2059 54
2060 3419
2061 3416
2062 1043
2063 3455
2064 2923
2065 560
2066 1164
2067 2525
2068 2010
2069 2116
2070 3267
2071 2107
2072 1964
2073 441
2074 3144
2075 1816
2076 676
2077 1018
2078 98
2079 2516
2080 1876
2081 1714
2082 1225
2083 857
2084 1108
2085 1528
2086 2584
2087 2390
2088 3178
2089 163
2090 1592
2091 1277
2092 166
2093 3130
2094 2915
2095 1430
2096 1926
2097 1411
2098 2635
2099 2778
2100 289
2101 1502
2102 366
2103 2299
2104 1304
2105 1527
2105 103
2106 1800
2107 3224
2108 197
2109 2187
2109 3127
2110 652
2111 832
2112 2940
2113 1811
2114 2634
2115 2868
2116 1406
2117 2430
2118 1446
2119 2702
2120 2612
2121 1677
2122 2018
2123 1595
2124 74
2125 174
2126 2829
2127 2810
2128 896
2129 2926
2130 841
2131 332
2132 1136
2133 2982
2134 3046
2135 846
2136 1270
2137 2751
2138 1158
2139 7
2140 733
2141 1399
2142 1987
2143 2705
2144 3174
2144 1302
2145 1524
2146 385
2147 1339
2148 3258
2149 1726
2150 3254
2151 2271
2152 3116
2153 2056
2154 2791
2155 2332
2156 127
2157 2959
2158 1066
2159 1205
2160 2342
2161 1254
2162 964
2163 3133
2164 3143
2165 2608
2166 1789
2167 1415
2168 490
2169 1808
2170 2478
2171 2709
2172 2401
2173 1694
2174 2074
2175 2002
2176 2924
2177 69
2178 1966
2179 266
2180 616
2181 1908
2182 436
2183 1019
2184 3443
2185 2178
2186 3108
2187 2340
2187 1880
2188 2059
2189 113
2190 660
2191 493
2192 1098
2193 1097
2194 3203
2195 1276
2196 1007
2197 1367
2198 3098
2199 2484
2200 2992
2201 719
2202 885
2203 2521
2204 3284
2205 2286
2205 2918
2206 72
2207 1361
2208 548
2209 2029
2210 2288
2211 2739
2212 462
2213 1624
2214 3136
2215 2182
2216 1077
2217 1320
2218 1765
2219 3366
2220 728
2221 126
2222 1213
2223 1544
2224 215
2225 2230
2226 1298
2227 2542
2228 2239
2229 212
2230 3194
2231 1087
2232 1947
2233 2735
2234 533
2235 2226
2236 1543
2237 1611
2238 3006
2238 182
2239 1565
2239 2847
2240 3385
2241 426
2242 1580
2243 507
2244 2211
2245 1971
2246 2490
2247 1522
2248 817
2249 1972
2250 3208
2251 2629
2252 2734
2253 2700
2254 1874
2255 88
2256 389
2257 1598
2258 172
2259 2336
2260 2719
2261 1224
2262 2099
2263 302
2264 1802
2265 1325
2266 1360
2267 1542
2268 2358
2269 2503
2270 2313
2271 1927
2272 1710
2273 378
2274 482
2275 2576
2276 2238
2277 704
2278 2194
2279 1533
2280 2481
2280 118
2281 3279
2282 2142
2283 1823
2284 916
2285 1034
2286 3213
2287 1983
2288 251
2289 499
2290 52
2291 1951
2292 3086
2293 448
2294 1307
2295 2212
2296 1514
2297 648
2298 708
2299 1321
2300 1114
2301 2703
2302 942
2303 2740
2304 1512
2305 1552
2306 198
2307 705
2308 2025
2309 855
2310 2261
2311 2361
2312 750
2313 1111
2314 3186
2314 640
2315 2012
2316 1461
2317 1327
2318 1220
2319 296
2320 1509
2320 717
2321 2068
2322 1284
2323 3245
2324 1003
2325 664
2326 623
2327 2456
2328 295
2329 640
2330 1686
2331 1400
2332 3334
2332 516
2333 981
2334 2387
2335 2279
2336 1249
2337 2440
2338 3008
2339 136
2340 1878
2341 3121
2342 3411
2343 101
2344 2266
2345 1691
2346 2853
2347 1925
2347 3473
2348 1040
2349 498
2350 199
2351 2291
2352 1218
2353 1821
2354 833
2355 1779
2356 221
2357 1492
2358 3191
2359 3165
2360 1952
2361 1839
2362 2414
2363 1970
2364 2944
2365 3474
2366 3434
2367 2506
2368 2393
2369 272
2370 1030
2371 3102
2372 1530
2373 2541
2374 825
2375 891
2376 714
2377 2179
2378 1658
2379 850
2379 858
2380 2411
2381 557
2381 2650
2382 2844
2383 895
2384 1701
2385 3244
2386 1737
2387 468
2388 842
2389 2809
2390 2460
2390 2013
2391 2704
2392 1573
2393 1337
2394 2827
2395 3259
2396 1705
2397 673
2398 398
2399 928
2399 2998
2400 884
2401 2507
2402 2326
2403 747
2404 3
2404 1568
2405 2127
2406 1759
2406 3166
2407 1549
2408 2610
2409 1038
2410 1471
2411 248
2412 1799
2413 2500
2414 1234
2415 2858
2416 2720
2417 529
2418 1545
2419 2348
2420 1973
2421 2399
2422 1513
2423 856
2424 1273
2425 2743
2426 883
2427 1879
2428 3442
2429 1868
2430 3127
2431 1335
2432 2788
2433 1069
2433 1649
2434 3226
2435 1154
2436 327
2437 2699
2437 3034
2438 3353
2439 250
2440 625
2441 1902
2442 1222
2443 2015
2444 321
2444 142
2445 185
2446 511
2447 3115
2448 1129
2449 370
2450 309
2451 2110
2452 2732
2453 829
2454 1764
2455 1713
2456 2721
2457 2352
2458 3112
2459 82
2460 1042
2461 2106
2462 1773
2463 2378
2464 1145
2465 1835
2466 3447
2467 2069
2468 3358
2469 2388
2470 3422
2471 926
2472 610
2473 2597
2474 2756
2475 3240
2476 437
2477 1444
2478 3018
2479 2386
2480 2570
2481 3257
2482 2147
2483 2125
2484 1708
2485 2763
2486 1641
2486 2580
2487 819
2488 1346
2489 169
2490 2660
2491 2079
2492 1697
2493 483
2493 232
2494 1510
2495 2339
2496 3392
2497 1010
2498 1655
2499 1596
2500 2435
2501 217
2502 3427
2503 2879
2504 1420
2505 1025
2506 2774
2507 31
2508 3187
2509 2124
2510 1827
2511 3114
2512 269
2513 2334
2514 2845
2515 2492
2516 578
2517 1398
2518 2229
2519 1730
2520 1801
2521 808
2522 2463
2523 709
2524 824
2525 213
2526 674
2527 311
2528 2530
2529 1898
2530 1227
2531 246
2532 3352
2533 1226
2534 2706
2535 3376
2536 963
2537 3320
2538 3454
2539 3195
2540 3071
2541 2474
2542 1211
2543 588
2544 2645
2545 703
2546 2427
2546 1775
2547 2417
2548 1684
2549 1930
2550 806
2551 3393
2552 1555
2553 1109
2554 2328
2555 1317
2556 492
2557 16
2558 267
2559 2836
2560 748
2561 253
2562 2762
2563 2744
2564 2439
2565 2775
2566 1700
2566 3207
2567 343
2568 3395
2569 813
2570 465
2571 352
2572 2014
2573 12
2574 2683
2575 2058
2576 1702
2577 2400
2578 2729
2579 1450
2580 811
2581 1324
2582 3278
2583 3382
2584 987
2585 2867
2586 111
2587 783
2588 130
2589 2157
2590 76
2591 205
2592 2928
2592 1999
2593 2969
2594 2994
2595 2630
2596 711
2597 387
2598 3184
2599 2162
2600 379
2601 259
2602 2447
2603 555
2604 980
2605 1954
2606 355
2607 2318
2608 1104
2609 314
2610 152
2611 2180
2612 3034
2613 1958
2614 1785
2615 3342
2616 1582
2617 25
2618 239
2619 1548
2620 2814
2621 2653
2622 3359
2623 1231
2624 746
2625 156
2626 452
2627 867
2628 2062
2629 49
2630 2568
2631 2679
2632 2123
2632 425
2633 520
2634 2432
2635 2472
2636 3489
2637 1340
2638 3486
2639 2355
2640 2883
2641 3189
2642 1271
2643 125
2644 122
2645 1052
2646 3473
2647 287
2648 1511
2649 975
2650 1024
2651 3147
2652 1112
2653 2093
2654 2741
2655 1209
2656 2499
2657 2731
2658 2990
2659 308
2660 2642
2660 835
2661 263
2662 793
2663 3301
2664 1913
2665 372
2666 3469
2667 1174
2668 1776
2669 397
2670 2665
2671 2502
2671 2410
2672 951
2673 1994
2674 5
2675 698
2675 805
2676 1695
2677 1051
2678 2547
2679 1831
2680 940
2681 2000
2682 996
2683 2920
2684 1610
2685 1110
2686 3477
2687 2631
2688 3075
2689 2317
2690 408
2691 1981
2692 3011
2693 2281
2694 1120
2695 2808
2696 910
2697 1583
2698 271
2699 2302
2700 350
2701 175
2702 222
2703 1196
2704 1426
2705 1792
2706 2245
2707 3173
2708 3126
2709 2768
2710 3087
2711 2524
2712 2999
2713 1482
2714 1743
2715 1480
2716 2476
2717 3328
2718 2337
2719 2275
2720 1113
2721 129
2722 3456
2723 1942
2724 2804
2725 187
2726 2273
2727 795
2728 1348
2729 629
2730 2449
2731 803
2732 81
2733 211
2734 2860
2735 650
2736 1986
2737 3286
2738 17
2739 2114
2739 1644
2740 2173
2741 1744
2742 363
2743 1657
2744 496
2745 2278
2746 1820
2747 67
2748 201
2749 4
2750 3481
2751 1266
2752 532
2753 1383
2754 707
2755 569
2756 2441
2757 572
2758 2789
2759 2842
2760 124
2761 328
2762 2857
2763 3368
2763 1925
2764 1900
2765 1009
2766 1349
2767 3380
2768 2823
2769 637
2770 110
2771 1472
2772 335
2773 3362
2774 2055
2775 1630
2776 1363
2777 990
2778 638
2779 2508
2780 2048
2781 868
2782 1603
2783 3429
2784 1619
2785 2265
2786 68
2787 692
2788 1661
2789 2409
2790 279
2791 2213
2792 1465
2793 2695
2794 1437
2795 2601
2796 1162
2797 3056
2798 33
2799 661
2800 2253
2801 535
2802 2433
2803 193
2804 1382
2805 777
2806 1828
2807 2444
2808 2248
2809 946
2810 597
2811 2172
2811 2962
2812 1090
2813 2224
2814 2996
2815 2117
2816 3221
2817 732
2818 3343
2819 3248
2820 2017
2821 1135
2822 924
2823 3349
2824 61
2825 1287
2825 92
2826 1239
2827 513
2828 3243
2828 3038
2829 665
2830 1558
2831 2167
2832 2404
2833 3260
2833 838
2834 306
2835 2019
2836 3073
2837 1031
2838 647
2839 1133
2840 1892
2841 1709
2842 2043
2843 232
2844 3311
2845 1404
2846 2627
2847 70
2848 3124
2849 453
2850 2978
2851 360
2852 1620
2853 667
2854 118
2855 1557
2856 467
2857 1944
2858 859
2859 2624
2860 3315
2861 3377
2862 2564
2863 2772
2864 767
2864 2908
2865 1794
2866 1310
2867 8
2868 2952
2869 2350
2870 1091
2871 1122
2872 3055
2873 1258
2874 3431
2875 487
2876 751
2877 1660
2878 2096
2879 2574
2880 209
2881 2256
2882 3146
2883 3104
2884 171
2885 3023
2886 1664
2887 1574
2888 998
2889 1862
2890 3268
2891 515
2892 2728
2893 794
2894 3365
2895 979
2896 3449
2897 1481
2898 1553
2899 1847
2900 2652
2901 2869
2902 1138
2903 413
2904 1433
2905 1443
2906 1424
2907 2089
2908 2639
2909 43
2910 663
2911 3291
2912 3408
2913 2109
2914 2941
2915 2234
2916 1989
2917 1330
2917 254
2918 2896
2919 1576
2919 1878
2920 1922
2920 574
2921 562
2922 3461
2922 1770
2923 2664
2924 356
2925 2795
2926 737
2927 2536
2928 466
2929 826
2930 2815
2931 2319
2932 1720
2933 6
2934 1560
2935 3360
2936 2047
2937 1554
2938 1538
2939 2593
2940 3171
2941 1960
2942 3064
2943 1179
2944 1774
2945 984
2946 1370
2947 1929
2948 1915
2949 845
2950 1186
2951 1609
2952 3341
2953 3017
2954 84
2955 1103
2956 726
2957 339
2958 2030
2959 439
2960 495
2960 1813
2961 2146
2962 1916
2963 1531
2964 1422
2965 1974
2966 1235
2967 3106
2968 1264
2969 933
2970 594
2971 242
2972 1651
2973 976
2974 523
2975 252
2975 336
2976 3111
2977 107
2978 882
2979 3490
2980 1997
2981 2381
2982 3192
2983 1567
2984 1159
2985 1221
2986 2669
2987 800
2988 1165
2989 2818
2989 2717
2990 322
2991 2943
2992 2006
2993 694
2994 774
2995 282
2996 1673
2997 1617
2998 2270
2999 1706
3000 725
3001 3372
3002 805
3003 131
3004 1550
3005 1099
3006 2618
3007 2208
3008 3044
3009 1541
3010 2263
3011 666
3012 2364
3013 773
3014 953
3015 3414
3016 1945
3017 1506
3018 2651
3018 443
3019 2600
3020 2192
3020 886
3021 2429
3022 3063
3023 2674
3023 73
3024 173
3025 388
3026 1125
3027 2415
3028 1880
3029 2802
3030 516
3031 2872
3032 1247
3032 824
3033 601
3034 92
3035 1161
3035 1510
3036 2974
3037 641
3038 2223
3039 3113
3039 2323
3040 775
3041 2598
3042 1643
3043 384
3044 1272
3045 1781
3046 2927
3047 1923
3048 3426
3049 1626
3050 3093
3051 1649
3052 1331
3053 738
3054 144
3055 2491
3056 3457
3057 2713
3058 2937
3059 1223
3060 2310
3061 265
3062 1387
3063 1978
3064 564
3065 167
3065 68
3066 962
3067 2312
3068 1005
3069 2236
3070 1761
3071 1812
3072 1378
3073 2148
3074 228
3075 626
3076 2214
3077 2181
3078 59
3079 1203
3080 3294
3081 536
3082 1635
3083 424
3084 740
3085 2231
3086 1749
3087 1318
3088 649
3089 812
3090 3039
3091 32
3092 1263
3093 1508
3094 444
3095 2663
3096 1282
3096 697
3097 128
3097 843
3098 1101
3099 2031
3100 3091
3101 1401
3102 3010
3103 528
3104 421
3105 614
3106 207
3107 2290
3108 912
3109 2898
3109 2639
3110 2895
3111 1244
3112 210
3113 1600
3114 1614
3115 2793
3116 2053
3117 1134
3118 695
3118 3487
3119 2667
3120 1449
3121 3123
3122 2914
3123 1388
3124 392
3125 2534
3126 678
3127 1343
3128 2967
3129 1438
3130 2458
3131 1500
3132 476
3133 1488
3134 2754
3135 1294
3136 1914
3137 2963
3138 2947
3138 2106
3139 2237
3140 1946
3141 843
3142 644
3143 2354
3144 988
3145 164
3146 1742
3147 2421
3148 471
3149 771
3150 939
3151 2343
3152 2832
3153 1147
3154 1176
3155 2619
3156 2897
3157 914
3158 394
3159 2065
3160 1817
3161 3398
3162 80
3163 922
3164 1140
3165 224
3166 3453
3167 768
3167 1038
3168 2311
3169 2045
3170 2862
3170 3210
3171 1717
3172 150
3173 3020
3174 886
3175 2828
3176 1885
3177 2327
3178 2558
3179 1712
3180 1152
3181 1613
3182 1627
3183 422
3183 2198
3184 1507
3185 2283
3186 3367
3187 1240
3188 3052
3189 949
3190 3166
3191 3498
3192 3472
3193 658
3194 1703
3195 1953
3196 2538
3197 2066
3198 2250
3199 2186
3200 2812
3201 1957
3202 165
3203 223
3204 235
3205 689
3206 1597
3207 906
3208 1468
3209 1770
3210 2126
3211 1243
3212 1333
3213 1814
3214 754
3215 3118
3216 256
3217 2607
3218 2529
3219 1665
3220 1669
3221 3022
3222 3159
3223 1605
3224 1579
3225 1753
3225 3388
3226 3330
3227 823
3227 2367
3228 3107
3229 1911
3230 134
3230 3476
3231 1666
3232 2682
3233 2362
3233 2160
3234 1608
3235 1080
3236 2875
3237 1985
3238 888
3239 1873
3240 410
3241 2184
3242 3079
3243 561
3244 2193
3245 3210
3246 2486
3247 75
3248 3441
3249 1313
3250 132
3251 3479
3252 1082
3253 1901
3254 138
3255 2515
3256 1566
3257 168
3258 2613
3259 2136
3260 1678
3261 713
3262 2485
3263 2800
3264 574
3265 2714
3266 276
3267 2301
3267 2186
3268 581
3269 2686
3270 701
3271 1685
3272 815
3273 2979
3274 2973
3275 989
3276 2344
3277 2661
3278 1148
3279 3241
3280 62
3281 2657
3282 573
3283 1070
3284 283
3285 848
3286 2582
3287 236
3288 1053
3289 889
3290 1004
3291 785
3292 2347
3293 1130
3294 3346
3295 3181
3296 10
3297 433
3298 2794
3299 3351
3300 1941
3301 1183
3302 238
3303 208
3303 1777
3304 1519
3305 1490
3306 1153
3307 2806
3308 1591
3309 3424
3310 406
3311 1306
3312 592
3313 95
3314 3061
3315 1121
3316 3336
3317 693
3318 1852
3319 791
3320 305
3321 2950
3322 2383
3323 3205
3324 1143
3325 2637
3326 2322
3327 2365
3328 281
3329 1593
3330 288
3331 2995
3332 840
3333 3308
3334 2185
3335 580
3336 3066
3337 2658
3338 2925
3339 899
3340 879
3341 1532
3342 3299
3343 1023
3344 1163
3345 2548
3346 155
3347 2221
3348 3120
3349 1570
3350 1975
3351 802
3352 1083
3353 313
3354 2514
3355 3332
3356 974
3357 2360
3358 892
3359 905
3360 907
3361 1063
3362 3331
3363 1569
3364 798
3365 20
3366 345
3367 2648
3368 2482
3369 2835
3370 241
3371 331
3372 1309
3373 2052
3374 170
3375 1049
3376 937
3377 1491
3378 316
3379 1806
3380 2272
3381 97
3382 105
3383 903
3384 1459
3385 2296
3386 449
3387 1755
3388 2445
3389 3285
3390 3009
3391 2165
3392 190
3393 1991
3394 2685
3394 1478
3395 2615
3396 608
3397 2306
3398 3383
3399 1192
3400 2948
3401 1342
3402 1893
3403 2251
3404 2168
3405 3101
3406 3464
3406 1159
3407 2750
3408 188
3409 2517
3410 656
3411 2282
3412 3204
3413 2736
3414 3290
3415 1865
3416 3270
3417 2840
3418 1055
3419 1397
3420 2009
3421 1252
3422 1589
3423 2164
3423 728
3424 908
3425 451
3426 2289
3427 2156
3428 542
3429 556
3430 1200
3431 600
3432 1156
3433 1843
3434 2084
3435 2737
3436 677
3437 3389
3438 1890
3438 981
3439 3015
3440 3196
3441 1687
3442 2758
3443 3068
3444 148
3445 3271
3446 830
3447 2257
3448 2847
3449 3373
3450 1334
3451 3337
3452 2748
3453 2422
3454 869
3455 512
3456 2501
3457 605
3458 2406
3458 1276
3458 2608
3459 1674
3460 2666
3461 2831
3462 551
3463 2692
3464 2407
3465 2081
3466 3323
3467 2784
3468 1775
3469 1604
3470 1281
3471 1095
3472 1650
3473 3148
3473 2412
3474 2039
3475 583
3476 1751
3477 1738
3478 2528
3479 2839
3480 2822
3481 2902
3482 3491
3483 2866
3484 745
3485 1229
3486 1431
3487 475
3488 142
3489 2488
3490 1385
3491 570
3492 3386
3493 38
3494 571
3495 550
3496 3361
3497 2958
3498 1732
3499 3232
3500 2064
