500 525 417 490
1 100
2 372
3 301
4 434
4 102
5 115
6 349
6 192
7 452
8 77
9 386
10 129
11 294
12 256
13 269
14 498
15 330
16 377
17 149
18 410
19 43
20 350
21 435
22 343
23 340
24 307
25 482
26 420
27 425
28 447
28 149
29 490
30 456
31 429
32 339
33 59
34 290
35 153
36 236
37 451
38 53
39 404
40 405
41 188
42 281
43 37
44 82
45 472
46 219
47 489
48 191
49 442
50 426
51 446
52 217
53 332
54 65
55 103
56 285
57 86
58 291
59 400
60 337
61 105
62 284
63 24
64 20
65 132
66 376
67 242
68 210
69 181
70 71
71 392
72 186
73 422
74 317
75 288
76 299
77 237
78 207
79 263
80 347
81 371
82 483
83 315
84 287
85 322
86 125
86 411
87 225
88 463
89 407
90 167
91 79
92 154
93 145
94 430
95 36
96 381
97 4
98 238
99 318
100 216
101 74
102 183
103 273
104 203
104 363
105 395
106 56
107 412
108 443
109 399
110 87
111 174
112 187
113 168
114 309
114 487
115 241
116 415
117 44
118 55
119 47
120 276
121 385
122 200
123 19
124 67
125 64
126 419
127 66
128 499
129 144
130 45
131 331
132 334
133 500
134 196
135 14
136 120
137 396
138 346
139 62
140 97
141 458
142 383
143 22
144 368
145 173
146 403
147 21
148 262
149 471
150 321
151 10
152 391
153 164
154 211
155 484
156 102
157 254
158 469
159 460
160 388
161 359
162 495
163 493
164 481
165 95
166 27
167 492
168 96
169 402
170 344
170 76
171 101
172 375
173 107
174 264
175 358
176 428
177 91
178 46
179 480
180 157
181 341
182 224
183 136
184 496
185 175
186 147
187 232
188 112
188 226
189 370
190 94
191 272
192 29
193 11
193 348
193 23
194 131
195 13
196 25
197 479
198 389
199 119
200 80
201 448
202 296
203 155
203 4
204 266
205 450
206 268
207 295
208 362
209 117
210 342
211 84
212 335
213 160
214 104
215 239
216 33
217 98
218 213
218 164
218 230
219 427
220 369
221 193
222 267
223 414
224 171
225 134
226 257
227 150
228 274
229 233
230 28
231 75
232 413
233 139
234 93
235 148
236 319
237 364
238 394
239 488
240 88
241 161
242 126
243 35
243 445
244 246
245 51
246 314
247 356
248 228
248 122
249 421
250 3
251 245
252 61
253 243
254 297
255 7
256 30
257 336
258 454
259 223
260 185
261 378
262 279
263 32
264 122
265 170
266 406
267 68
268 253
269 423
270 179
271 108
272 194
273 416
274 357
275 195
276 308
277 230
278 365
279 360
280 34
281 127
282 57
283 163
284 306
285 90
286 16
287 401
288 83
289 327
290 158
291 250
292 252
293 206
294 23
295 212
296 152
297 208
298 300
299 487
300 445
301 325
302 466
302 429
303 201
304 133
304 368
305 48
306 433
307 467
308 255
309 393
310 249
311 12
312 234
313 165
314 457
315 60
316 73
317 461
318 180
319 449
320 92
321 310
322 182
323 345
324 409
325 473
326 209
327 316
328 373
329 438
330 226
331 124
332 277
333 99
334 418
335 298
336 280
337 178
338 437
339 50
340 312
341 172
342 81
343 455
344 69
345 221
345 473
346 40
347 78
348 54
349 351
350 15
351 142
352 111
353 367
354 261
355 146
356 333
357 292
358 354
359 352
360 184
361 278
362 137
363 303
364 338
365 39
366 197
367 235
368 49
369 123
370 141
371 398
372 477
373 41
374 220
375 89
376 205
376 25
377 328
378 476
379 397
379 22
380 431
381 156
381 359
382 26
383 113
384 374
385 302
386 202
387 259
388 227
389 106
390 293
391 494
392 258
393 424
394 114
395 6
396 363
397 441
398 390
399 323
400 444
401 304
402 251
403 348
404 465
405 491
406 118
407 366
408 282
409 355
410 5
411 468
412 176
413 121
414 244
415 8
416 411
417 286
418 459
419 42
420 128
421 382
422 215
423 475
424 138
425 305
426 462
427 311
428 265
429 76
430 109
431 162
431 365
432 353
432 26
433 313
434 247
435 270
436 192
437 140
438 408
439 204
440 70
440 308
441 177
442 110
443 31
444 240
445 275
446 387
447 1
448 85
449 470
450 143
451 2
452 289
453 58
454 486
455 198
456 326
457 229
458 166
459 38
460 18
461 189
462 260
462 224
463 159
464 440
465 497
466 380
467 52
468 361
469 218
470 63
471 151
472 485
473 248
474 130
475 9
476 474
477 320
478 116
479 135
480 169
480 36
481 439
482 436
483 478
484 329
485 222
486 283
487 17
488 324
489 453
491 199
492 72
493 214
494 271
495 190
496 384
497 231
498 432
499 379
500 464
