5000 5025 3411 3530
1 4481
2 2778
3 2900
4 4380
5 876
6 907
7 2191
8 423
9 2172
10 334
11 49
12 1134
13 4950
14 814
15 362
16 287
17 3318
18 730
19 4909
20 4556
21 4799
22 1922
23 1613
24 412
25 2509
26 2855
27 4983
28 3706
29 2944
30 4657
31 2862
32 3382
33 3971
34 3268
35 2340
36 2879
37 464
38 3569
39 572
40 2008
41 4587
42 1092
43 233
44 4525
45 2250
46 4828
47 3166
48 4524
49 1172
50 3074
51 911
52 1090
53 212
54 1434
55 1272
56 4894
57 4840
58 3725
59 3103
60 178
61 3655
62 2768
63 1073
64 3834
65 369
66 3236
67 2967
68 1412
69 4435
70 1903
71 1901
72 3381
73 2456
74 4377
75 981
76 382
77 3029
78 3482
79 376
80 2583
81 103
82 961
83 2243
84 3337
85 4226
86 3698
87 3260
88 1386
89 1902
90 1750
91 3984
92 951
93 3853
94 3242
95 3975
96 381
97 2038
98 4023
99 3919
100 824
101 2445
102 4240
103 1119
104 4021
105 724
106 4928
107 321
108 2060
109 2329
110 481
111 3162
112 229
113 3313
114 1401
115 2221
116 3144
117 1186
118 3683
119 2344
120 2343
121 1222
122 3717
123 2776
124 4273
125 221
126 3578
127 4492
128 1591
129 2311
130 4449
131 698
132 4111
133 4674
134 1268
135 521
136 3138
137 3611
138 3224
139 3368
140 4472
141 4726
142 781
143 2930
144 4330
145 2603
146 136
147 2416
148 4212
149 1711
150 1888
151 4374
152 4765
153 1661
154 2759
155 4679
156 2442
157 3134
158 2989
159 1155
160 1244
161 3193
162 1170
163 4858
164 716
165 2594
166 3755
167 422
168 3204
169 634
170 3239
171 2055
172 1969
173 64
174 4519
175 2632
176 1261
177 777
178 854
179 1314
180 2235
181 2784
182 2245
183 3425
184 4038
185 46
186 2238
187 1089
188 3004
189 2952
190 2098
191 2881
192 2099
193 4967
194 3000
195 4669
196 2460
197 421
198 1835
199 4299
200 3766
201 2981
202 1359
203 3302
204 1390
205 1912
206 1886
207 3068
208 462
209 771
210 3272
211 3808
212 3747
213 1581
214 4878
215 1961
216 2941
217 3509
218 2455
219 195
220 4640
221 2373
222 3602
223 1597
224 4831
225 3751
226 984
227 3567
228 4178
229 2279
230 3680
231 4306
232 4289
233 2581
234 853
235 201
236 2161
237 1812
238 1962
239 1198
240 4323
241 374
242 1365
243 489
244 2539
245 2916
246 494
247 2757
248 3923
249 4239
250 4721
251 1999
252 886
253 2213
254 3529
255 4453
256 1686
257 4532
258 2223
259 284
260 3137
261 3739
262 2298
263 4078
264 3371
265 3498
266 2972
267 2713
268 2657
269 1706
270 60
271 1196
272 4722
273 4971
274 4349
275 2814
276 4856
277 3334
278 1374
279 2901
280 4978
281 3062
282 4307
283 536
284 3891
285 4645
286 3616
287 3281
288 4902
289 3902
290 3255
291 863
292 4238
293 2640
294 3069
295 296
296 1432
297 59
298 3248
299 469
300 3590
301 3048
302 3789
303 314
304 4165
305 4014
306 154
307 3390
308 2422
309 1871
310 4392
311 3826
312 4888
313 4346
314 2309
315 3904
316 3288
317 2820
318 2519
319 3620
320 2149
321 4804
322 754
323 3351
324 1757
325 3856
326 1640
327 1056
328 3963
329 4228
330 2977
331 2426
332 4101
333 1785
334 3532
335 3953
336 3053
337 3986
338 3185
339 3432
340 3506
341 3213
342 1663
343 3793
344 4583
345 3435
346 3352
347 2096
348 1898
349 2175
350 2124
351 413
352 135
353 4370
354 2306
355 3849
356 4702
357 41
358 1698
359 1824
360 2823
361 1266
362 1156
363 1403
364 74
365 2263
366 1058
367 145
368 1095
369 4167
370 1381
371 3864
372 802
373 3804
374 2126
375 2998
376 791
377 4725
378 4621
379 3132
380 2042
381 2264
382 4312
383 255
384 4719
385 3264
386 4077
387 2728
388 4291
389 1782
390 225
391 4990
392 2661
393 1855
394 4869
395 4432
396 4931
397 4288
398 4639
399 851
400 3712
401 3612
402 3296
403 524
404 4561
405 4934
406 2800
407 192
408 528
409 1342
410 3472
411 4893
412 1361
413 2925
414 4355
415 444
416 3708
417 3349
418 4656
419 3675
420 4185
421 1284
422 1397
423 2584
424 1952
425 1571
426 58
427 4127
428 4595
429 2012
430 319
431 176
432 3045
433 2914
434 1457
435 1535
436 473
437 2936
438 526
439 454
440 1063
441 3573
442 210
443 1141
444 3614
445 713
446 913
447 669
448 180
449 1453
450 1323
451 1534
452 1426
453 4431
454 4575
455 150
456 3372
457 2068
458 1232
459 402
460 1049
461 4483
462 2463
463 4207
464 4114
465 3083
466 1919
467 941
468 3059
469 1848
470 3790
471 3395
472 2472
473 3566
474 949
475 4327
476 4920
477 4211
478 359
479 2751
480 1215
481 2207
482 4554
483 4789
484 2027
485 4600
486 3958
487 3118
488 316
489 4917
490 4980
491 4813
492 3091
493 1211
494 1006
495 1163
496 1221
497 3671
498 2976
499 3752
500 1869
501 4017
502 4690
503 1091
504 327
505 3973
506 240
507 4842
508 585
509 2521
510 1767
511 4870
512 910
513 1188
514 1928
515 4191
516 594
517 1140
518 3947
519 1227
520 529
521 1653
522 4426
523 2675
524 3681
525 930
526 4991
527 3643
528 4538
529 1918
530 564
531 2507
532 158
533 1313
534 2553
535 1254
536 4040
537 1803
538 3356
539 642
540 467
541 1461
542 3892
543 2609
544 2028
545 3719
546 4504
547 3079
548 1900
549 1300
550 490
551 92
552 2072
553 1878
554 539
555 959
556 2117
557 920
558 471
559 680
560 4061
561 141
562 12
563 2705
564 3997
565 1375
566 2059
567 3557
568 2464
569 3743
570 4364
571 4551
572 1980
573 125
574 1990
575 619
576 4821
577 3181
578 2113
579 3123
580 4316
581 2739
582 3533
583 4740
584 2253
585 142
586 1688
587 1673
588 4508
588 3538
589 1994
590 3461
591 855
592 4654
593 2429
594 1077
595 663
596 3120
597 1307
598 1194
599 4438
600 2210
601 2541
601 3057
602 4356
603 1481
604 3110
605 4989
606 4366
607 1480
608 2744
609 867
610 2267
611 4865
612 86
613 2543
614 220
615 2441
616 2535
617 905
618 3443
619 3407
620 4761
621 4883
622 3385
623 1735
624 4759
625 4345
626 1405
627 1070
628 4505
629 2946
630 562
631 2719
632 3952
633 579
634 2802
635 1699
636 3345
637 1509
638 972
639 3866
640 4661
641 4148
642 975
643 929
644 2988
645 2642
646 4004
647 4315
648 3111
649 580
650 2834
651 940
652 4981
653 1243
654 2423
655 452
656 3315
657 600
658 3961
659 3548
660 4412
661 1924
662 4031
663 3692
664 4204
665 2249
666 3649
667 1497
668 2908
669 2002
670 1790
671 4588
672 3508
673 2196
674 2084
675 668
676 727
677 2736
678 1609
679 691
680 2775
681 964
682 1334
683 1179
684 1979
685 1072
686 870
687 2025
688 807
689 2595
690 3629
691 3626
692 118
693 3396
694 1106
695 3196
696 1692
697 3146
698 4624
699 718
700 1589
701 4016
702 3951
703 1626
704 4313
705 971
706 4019
707 2677
708 3456
709 157
710 838
711 3868
712 2729
713 4985
714 3925
715 1853
716 431
717 4411
718 627
719 3374
720 82
721 2419
722 4007
723 2064
724 3718
725 1529
726 4149
727 114
728 4708
729 4367
730 4681
731 3558
732 226
733 4785
734 3541
735 4344
736 1741
737 3119
738 2293
739 1868
740 4090
741 4968
742 138
743 1953
744 2425
745 2763
746 186
747 1689
748 1857
749 1131
750 1431
751 4190
752 2526
753 346
754 4358
755 2178
756 2793
757 2907
758 3104
759 4732
760 2927
761 4122
762 4186
763 2545
764 2886
765 112
766 592
767 4281
768 999
769 902
770 789
771 2242
772 497
773 80
774 4848
775 2825
776 3788
777 424
778 1184
779 1612
780 4012
781 3721
782 4248
783 721
784 4085
785 1636
786 1129
787 1435
788 2471
789 352
790 4192
791 1330
792 4477
793 1024
794 3286
795 2639
796 533
797 1505
798 4984
799 4965
800 3780
801 601
802 998
803 2316
804 184
805 1085
806 62
807 4454
808 1191
809 549
810 1246
811 1226
812 3287
813 3198
814 748
815 4648
816 3965
817 3810
818 556
819 3926
820 429
821 4368
822 2192
823 4354
824 3621
825 3916
826 1346
827 3519
828 3018
829 786
830 3125
831 1447
832 694
833 261
834 2548
835 3837
836 3551
837 3564
838 3606
839 2735
840 674
841 3466
842 3100
843 3818
844 2533
845 4778
846 3521
847 2911
848 563
849 1051
850 2205
851 1799
852 1870
853 980
854 1290
855 4132
856 2158
857 3164
858 2597
859 3518
860 2058
861 2292
862 1649
863 763
864 329
865 3596
866 3593
867 756
868 4255
869 1601
870 1230
871 2607
872 3464
873 1769
874 1165
875 4409
876 2577
877 4092
878 1367
879 1036
880 1781
881 2828
882 4378
883 1752
884 4780
885 4792
886 4473
887 3784
888 3469
889 3328
890 3927
891 894
892 4646
893 4088
894 2041
895 3811
896 548
897 1113
898 993
899 1332
900 2721
901 3392
902 3339
903 1349
904 1719
905 3544
906 2658
907 4841
908 391
909 4245
910 3503
911 2621
912 681
913 2540
914 729
915 4581
916 1940
917 2033
918 1389
919 3594
920 2369
921 3528
922 4072
923 571
924 3159
925 1279
926 351
927 1263
928 4543
929 942
930 1429
931 4628
932 3047
933 105
934 1665
935 4105
936 3010
937 4491
938 1337
939 2065
940 1724
941 4402
942 400
943 2737
944 4807
945 185
946 2783
947 4797
948 2875
949 4436
950 1168
951 1383
952 4786
953 3507
954 2837
955 2962
956 4552
957 4877
958 4362
959 2093
960 4623
961 2100
962 3037
963 3659
964 4474
965 4183
966 2240
967 2108
968 2174
969 3376
970 3189
971 3737
972 1326
973 107
974 124
975 978
976 4603
977 1433
978 1451
979 4146
980 4176
981 4338
982 1443
983 4471
984 4571
985 3944
986 2550
987 1370
988 2902
989 2044
990 4712
991 1455
992 1770
993 3024
994 2980
995 4441
996 3229
997 836
998 199
999 3071
1000 1224
1001 4527
1002 2204
1003 3722
1004 4510
1005 3525
1006 826
1007 3556
1008 2305
1009 4352
1010 2588
1011 1704
1012 4241
1013 1527
1014 4751
1015 2330
1016 3064
1017 2467
1018 2635
1019 2073
1020 2356
1021 1164
1022 3285
1023 1321
1024 4391
1025 3802
1026 4137
1027 4918
1028 3779
1029 1874
1030 3331
1031 5
1032 2698
1033 119
1034 3768
1035 4284
1036 2816
1037 3184
1038 2863
1039 474
1040 782
1041 1411
1042 1259
1043 3935
1044 628
1045 1606
1046 3188
1047 731
1048 2315
1049 364
1050 2302
1051 1430
1052 2772
1053 401
1054 1376
1055 3937
1056 3685
1057 29
1058 2364
1059 3316
1060 1748
1061 1718
1062 3019
1063 3301
1064 2383
1065 11
1066 2182
1067 4892
1068 312
1069 1879
1070 988
1071 828
1072 4227
1073 3574
1074 812
1075 1060
1076 3200
1077 1278
1078 3881
1079 4486
1080 1982
1081 4293
1082 3129
1083 3324
1084 2756
1085 778
1086 1327
1087 3429
1088 1328
1089 162
1090 3761
1091 3924
1092 2714
1093 1995
1094 3906
1095 1427
1096 4871
1097 4166
1098 2522
1099 3546
1100 2261
1101 825
1102 4507
1103 1068
1104 2704
1105 2301
1106 4857
1107 4063
1108 3252
1109 2440
1110 4218
1111 2180
1112 861
1113 2328
1114 4783
1115 1136
1116 3982
1117 2050
1118 1760
1119 4880
1120 1470
1121 2893
1122 2589
1123 3410
1124 3254
1125 1014
1126 2450
1127 3459
1128 4939
1129 4541
1130 2585
1131 1834
1132 4324
1133 2978
1134 3867
1135 3562
1136 153
1137 2689
1138 1578
1139 810
1140 3149
1141 405
1142 3563
1143 1298
1144 2107
1145 4452
1146 1486
1147 1378
1148 928
1149 3088
1150 3977
1151 3431
1152 4180
1153 4790
1154 3917
1155 1891
1155 2465
1156 1620
1157 3086
1158 4160
1159 3106
1160 3883
1161 3910
1162 1491
1163 2457
1164 2082
1165 1873
1166 1466
1167 2349
1168 649
1169 3791
1170 4171
1171 2646
1172 2730
1173 1713
1174 2997
1175 4375
1176 4838
1177 3206
1178 4501
1179 2792
1180 1611
1181 4970
1182 3985
1183 179
1184 2393
1185 2558
1186 4515
1187 1004
1188 3580
1189 4488
1190 48
1191 3931
1192 3716
1193 4795
1194 621
1195 630
1196 1439
1197 1065
1198 733
1199 348
1200 1032
1201 4414
1202 2899
1203 3497
1204 1252
1205 1387
1206 3605
1207 22
1208 4567
1209 2833
1210 3538
1211 767
1212 3638
1213 2593
1214 502
1215 3176
1216 4676
1217 567
1218 213
1219 2146
1220 3307
1221 652
1222 2062
1223 1915
1224 2957
1225 450
1226 1458
1227 1732
1228 4927
1229 155
1230 1034
1231 2187
1232 65
1233 4206
1234 166
1235 4169
1236 97
1237 3173
1238 3298
1239 301
1240 313
1241 3978
1242 4895
1243 4932
1244 514
1245 2478
1246 1393
1247 4189
1248 3843
1249 4617
1250 3117
1251 3714
1252 1416
1253 3827
1254 1554
1255 2513
1256 2547
1257 3160
1258 948
1259 144
1260 1317
1261 613
1262 3688
1263 297
1264 4634
1265 3543
1266 1642
1267 438
1268 143
1269 990
1270 3154
1271 1324
1272 21
1273 1938
1274 1916
1275 3861
1276 1518
1277 647
1278 219
1279 2955
1280 4589
1281 3273
1282 2278
1283 3186
1284 3535
1285 705
1286 4659
1287 3950
1288 342
1289 39
1290 1985
1291 707
1292 3536
1293 323
1294 2520
1295 3015
1296 2477
1297 2354
1298 3424
1299 139
1300 4459
1301 1487
1302 3323
1303 1933
1304 3446
1305 1579
1306 3057
1307 216
1308 4999
1309 4172
1310 2427
1311 4347
1312 2804
1313 2627
1314 1371
1315 2915
1316 207
1317 204
1318 1864
1319 2307
1320 2964
1321 4853
1322 1736
1323 1804
1324 4764
1325 1489
1326 3741
1327 3617
1328 2007
1329 957
1330 3962
1331 1080
1332 1561
1333 3362
1334 2206
1335 3402
1336 3244
1337 3907
1338 1419
1339 3936
1340 1538
1341 2197
1342 3583
1343 1681
1344 4586
1345 3996
1346 4862
1347 3282
1348 1338
1349 3836
1350 2408
1351 3006
1352 4535
1353 4913
1354 2933
1355 93
1356 159
1357 368
1358 3922
1359 1027
1360 1174
1361 1754
1362 2131
1363 3634
1364 1622
1365 3880
1366 1303
1367 725
1368 1175
1369 2979
1370 3777
1371 2363
1372 1755
1373 3361
1374 506
1375 4329
1376 121
1377 196
1378 1697
1379 1052
1380 2669
1381 4302
1381 3608
1382 3516
1383 2266
1384 3355
1385 3388
1386 2702
1387 1733
1388 522
1389 2683
1390 3831
1391 4106
1392 133
1393 4275
1394 2418
1395 4385
1396 2909
1397 2499
1398 3875
1399 435
1400 4440
1401 2586
1402 2485
1403 2181
1404 102
1405 2314
1406 3547
1407 2865
1408 4500
1409 104
1410 1250
1411 1638
1412 1605
1413 2350
1414 1112
1415 4310
1416 1602
1417 1229
1418 2277
1419 4205
1420 2956
1421 3610
1422 344
1423 2653
1424 394
1425 1690
1426 4020
1427 18
1428 3052
1429 1107
1430 3940
1431 1123
1432 4598
1433 593
1434 370
1435 2703
1436 1845
1437 3591
1438 637
1439 3308
1440 3256
1441 3049
1442 4834
1443 403
1444 2368
1445 757
1446 2053
1447 3135
1448 3171
1449 696
1450 741
1451 3414
1452 616
1453 4035
1454 2481
1455 4904
1456 3860
1457 453
1458 1105
1459 2497
1460 1904
1461 1446
1462 2184
1463 3417
1464 2091
1465 3773
1466 947
1467 3428
1468 1315
1469 437
1470 2963
1471 4109
1472 2417
1473 500
1474 4704
1475 1630
1476 2403
1477 924
1478 2674
1479 28
1480 1585
1481 1679
1482 985
1483 3623
1484 4009
1485 484
1486 3957
1487 937
1488 1421
1489 2894
1490 4642
1491 1959
1492 2390
1493 2218
1494 1830
1495 1147
1496 2078
1497 1655
1498 1986
1499 1075
1500 4847
1501 1356
1502 2502
1503 4688
1504 2605
1505 4406
1506 3540
1507 829
1508 1066
1509 4647
1510 4138
1511 4278
1512 169
1513 4716
1514 3701
1515 2336
1516 742
1517 4341
1518 860
1519 1831
1520 3801
1521 788
1522 946
1523 33
1524 2717
1525 2652
1526 4193
1527 2580
1528 2961
1529 4864
1530 3479
1531 1739
1532 3668
1533 308
1534 1425
1535 4157
1536 1069
1537 3901
1538 4768
1539 1905
1540 2919
1541 1745
1542 4399
1543 2244
1544 750
1545 4091
1546 4202
1547 2786
1548 3650
1549 3632
1550 2868
1551 4287
1552 903
1553 4944
1554 482
1555 2083
1556 4295
1557 633
1558 3258
1559 3828
1560 2904
1561 1577
1562 1441
1563 4616
1564 2132
1565 919
1566 1483
1567 3733
1568 3276
1569 793
1570 2662
1571 4689
1572 2081
1573 1634
1574 1526
1575 1860
1576 1157
1577 936
1578 1311
1579 1576
1580 1648
1581 165
1582 1436
1583 752
1584 1484
1585 2760
1586 4237
1587 2822
1588 1949
1589 1394
1590 2339
1591 4974
1592 2511
1593 2569
1594 776
1595 3247
1596 4943
1597 3850
1598 2931
1599 4416
1600 420
1601 1127
1602 3949
1603 2671
1603 2444
1604 392
1605 2252
1606 857
1607 1981
1608 2777
1609 4697
1610 4317
1611 236
1612 1521
1613 3080
1614 1424
1615 3115
1616 36
1617 3512
1618 558
1619 1793
1620 4487
1621 245
1622 1460
1623 3332
1624 1743
1625 9
1626 1764
1627 4694
1628 821
1629 868
1630 4420
1631 1950
1632 850
1633 414
1634 685
1635 4517
1636 4437
1637 3056
1638 2424
1639 439
1640 3571
1641 2845
1642 2166
1643 796
1644 2864
1645 127
1646 2401
1647 2544
1648 4276
1649 38
1650 890
1651 2712
1652 4029
1653 1829
1654 892
1655 174
1656 2885
1657 1247
1658 2532
1659 4215
1660 2529
1661 835
1662 938
1663 2819
1664 1973
1665 734
1666 1485
1667 6
1668 655
1669 818
1670 2359
1671 1583
1672 4815
1673 4036
1674 686
1675 433
1676 2877
1677 2040
1678 1572
1679 2071
1680 3359
1681 589
1682 3394
1683 1960
1684 354
1685 3434
1686 4230
1687 2459
1688 3107
1689 2764
1690 3694
1691 208
1692 2867
1693 2832
1694 3781
1695 237
1696 2152
1697 4760
1698 4097
1699 3363
1700 23
1701 2591
1702 360
1703 1837
1704 234
1705 4956
1706 3678
1707 1560
1708 168
1709 4470
1710 385
1711 746
1712 2326
1713 1965
1714 2076
1715 4407
1716 3026
1717 631
1718 4568
1719 1245
1720 200
1721 640
1722 1500
1723 1464
1724 396
1725 962
1726 2466
1727 1927
1728 3009
1729 2665
1730 1643
1731 4614
1732 679
1733 96
1734 1023
1735 2237
1736 1061
1737 2949
1738 4348
1739 2241
1740 3711
1741 3914
1742 1472
1743 1700
1744 4885
1745 3177
1746 3763
1747 667
1748 3291
1749 3199
1750 4691
1751 243
1752 4216
1753 3325
1754 2021
1755 3211
1756 4964
1757 4670
1758 3454
1759 475
1760 3329
1761 2157
1762 339
1763 294
1764 4006
1765 389
1766 1772
1767 618
1768 4373
1769 4417
1770 4466
1771 3816
1772 2047
1773 3474
1774 3670
1775 783
1776 3051
1777 3165
1778 2840
1779 3210
1780 206
1781 3639
1782 2920
1783 4455
1784 332
1785 3731
1786 1318
1787 1993
1788 2749
1789 931
1790 3330
1791 2051
1792 4394
1793 4056
1794 3401
1795 24
1796 1738
1797 4643
1798 1413
1799 2947
1800 1479
1801 66
1802 1159
1803 3216
1804 2144
1805 13
1806 3449
1807 1564
1808 4121
1809 3151
1810 4296
1811 76
1812 1312
1813 3197
1814 4120
1815 1707
1816 1684
1817 547
1818 794
1819 3762
1820 2974
1821 638
1822 1117
1823 740
1824 2066
1825 333
1826 2201
1827 1205
1828 4351
1829 1452
1830 478
1831 1773
1832 57
1833 914
1834 317
1835 4511
1836 3869
1837 3450
1838 4102
1839 4028
1840 1650
1841 715
1842 4608
1843 3572
1844 3032
1845 4128
1846 3215
1847 4966
1848 4450
1849 3105
1850 1680
1851 1344
1852 3304
1853 324
1854 1320
1855 2795
1856 661
1857 4410
1858 4403
1859 4201
1860 4252
1861 4627
1862 2129
1863 1236
1864 4976
1865 1274
1866 4328
1867 4209
1868 1499
1869 130
1870 4772
1871 933
1872 1580
1873 4908
1874 577
1875 4108
1876 1395
1877 3274
1878 3398
1879 1550
1880 1691
1881 3513
1882 3096
1883 3981
1884 2676
1885 1304
1886 2034
1887 1214
1888 4229
1889 2000
1890 4219
1891 3640
1892 2407
1893 3771
1894 2331
1895 3915
1896 1122
1897 2347
1898 614
1899 3033
1900 775
1901 182
1902 797
1903 3803
1904 800
1905 1498
1905 2194
1906 2954
1907 2391
1908 116
1909 2005
1910 1811
1911 4044
1912 3003
1913 819
1914 1720
1915 2399
1916 16
1917 2853
1918 557
1919 4585
1920 2140
1921 815
1922 4253
1923 442
1924 4250
1925 2046
1926 1400
1927 468
1928 2151
1929 699
1930 3585
1931 2918
1932 2325
1933 1710
1934 1894
1935 4882
1936 3327
1937 4734
1938 3148
1939 2631
1940 2673
1941 4938
1942 1340
1943 3772
1944 1971
1945 598
1946 4260
1947 1020
1948 2037
1949 3420
1950 4651
1951 844
1952 4518
1953 2135
1954 2883
1955 1726
1956 540
1957 703
1958 2120
1959 3393
1960 602
1961 253
1962 4460
1963 251
1964 4935
1965 4969
1966 3471
1967 3170
1968 2794
1969 4580
1970 2734
1971 785
1972 3453
1973 3251
1974 831
1975 4119
1976 3194
1977 3848
1978 923
1979 656
1980 3344
1981 4269
1982 4332
1983 4886
1984 1047
1985 1086
1986 1021
1987 1423
1988 3403
1989 2168
1990 2304
1991 1908
1992 191
1993 1983
1994 3847
1995 3038
1996 1333
1997 4668
1998 2542
1999 2370
2000 3358
2001 1880
2002 2817
2003 2618
2004 4251
2005 3776
2006 1859
2007 4915
2008 2530
2009 881
2010 2987
2011 2169
2012 1008
2013 3909
2014 1087
2015 3813
2016 3874
2017 4213
2018 1076
2019 3090
2020 2601
2021 2767
2022 2697
2023 51
2024 1678
2025 4735
2026 1553
2027 4582
2028 2208
2029 4512
2030 3787
2031 377
2032 2687
2033 3366
2034 4381
2035 1253
2036 4462
2037 3470
2038 512
2039 1780
2040 26
2041 722
2042 3067
2043 193
2044 1038
2045 4830
2046 279
2047 1967
2048 4729
2049 3690
2050 4495
2051 531
2052 1658
2053 4769
2054 2224
2055 1645
2056 1909
2057 4796
2058 2155
2059 4320
2060 2973
2061 4945
2062 865
2063 1721
2064 1407
2065 4954
2066 3627
2067 3341
2068 4418
2069 1917
2070 4824
2071 1997
2072 1240
2073 4655
2074 3682
2075 1363
2076 2824
2077 2810
2078 3817
2079 4758
2080 1506
2081 4130
2082 982
2083 3943
2084 1025
2085 3419
2086 1951
2087 1233
2088 898
2089 3448
2090 3618
2091 1368
2092 1555
2093 1531
2094 1842
2095 2334
2096 4868
2097 1111
2098 3240
2099 4027
2100 3408
2100 874
2101 943
2102 1682
2103 1930
2104 390
2105 2538
2106 4811
2107 20
2108 2754
2109 2451
2110 3030
2111 3300
2112 4644
2113 1234
2114 3677
2115 347
2116 4217
2117 4884
2118 1844
2119 4357
2120 3214
2121 4270
2122 2444
2123 2567
2124 3872
2125 2248
2126 4930
2127 3377
2128 3615
2129 2079
2130 1064
2131 4975
2132 966
2133 69
2134 2077
2135 935
2136 4075
2137 2188
2138 2016
2139 94
2140 247
2141 2470
2142 3502
2143 1382
2144 4850
2145 4802
2146 4173
2147 445
2148 1937
2149 2404
2150 209
2150 2372
2151 950
2152 265
2153 322
2154 2020
2155 766
2156 1200
2157 3444
2158 963
2159 8
2160 54
2161 3524
2162 4562
2163 2489
2164 1269
2165 2651
2166 2105
2167 2439
2168 463
2169 4484
2170 299
2171 3486
2172 2024
2173 2984
2174 3635
2175 4540
2176 4867
2177 4161
2178 584
2179 1260
2180 2685
2181 2092
2182 1322
2183 2842
2184 3579
2185 3783
2186 1391
2187 1670
2188 3908
2189 3555
2190 2319
2191 293
2192 3433
2193 987
2194 2869
2195 2566
2196 3490
2197 926
2198 3934
2199 2269
2200 4699
2201 4444
2202 260
2203 2165
2204 2935
2205 4069
2206 2876
2207 4170
2208 4832
2209 768
2210 281
2211 3226
2212 2392
2213 3391
2214 2338
2215 4911
2216 3310
2217 1308
2218 4000
2219 3012
2220 4254
2221 4873
2222 4570
2223 511
2224 3492
2225 68
2226 1465
2227 1947
2228 2045
2229 4737
2230 2711
2231 1722
2232 4246
2233 2222
2234 282
2235 1450
2236 55
2237 217
2238 3696
2239 2271
2240 1582
2241 1654
2242 3
2243 3347
2244 4062
2245 227
2246 4829
2247 3262
2248 3217
2249 2835
2250 4592
2251 3397
2252 3846
2253 2945
2254 2827
2255 1209
2256 4823
2257 4673
2258 1418
2259 2556
2259 2360
2260 2650
2261 3990
2262 47
2263 2335
2264 4467
2265 151
2266 310
2267 1241
2268 1795
2269 4889
2270 3335
2271 4427
2272 1914
2273 4135
2274 4037
2275 969
2276 1627
2277 4059
2278 1956
2279 366
2280 4844
2281 1306
2282 2546
2283 2163
2284 4771
2285 3336
2286 4698
2287 3493
2288 2438
2289 625
2290 3278
2291 1281
2292 2458
2293 4168
2294 4264
2295 4048
2296 1289
2297 823
2298 3995
2299 1774
2300 487
2301 1316
2302 3161
2303 1108
2304 578
2305 3087
2306 1067
2307 244
2308 2666
2309 1777
2310 3267
2311 1448
2312 2394
2313 1463
2314 1687
2315 455
2316 3676
2317 425
2318 1379
2319 4798
2320 1153
2321 3665
2322 1624
2323 2950
2324 120
2325 3078
2326 2388
2327 2365
2328 4827
2329 2063
2330 4103
2331 2150
2332 2969
2333 4247
2334 4573
2335 1138
2336 2681
2337 2026
2338 3889
2339 72
2340 3202
2341 3014
2342 586
2343 1977
2344 4177
2344 2384
2345 1454
2346 1635
2347 1796
2348 2475
2349 1148
2350 3830
2351 2934
2352 418
2353 1183
2354 1016
2355 4874
2356 709
2357 4703
2358 1783
2359 2247
2360 2103
2361 230
2362 1530
2363 2251
2364 1126
2365 762
2366 1991
2367 736
2368 1213
2369 4050
2370 4415
2371 3806
2372 2830
2373 3369
2374 2841
2375 1672
2376 3233
2377 2807
2378 1906
2379 2362
2380 4058
2381 1428
2382 4076
2383 2995
2384 1659
2385 3412
2386 1921
2387 3222
2388 874
2389 4321
2390 2035
2391 4030
2392 1970
2393 7
2394 215
2395 3744
2396 3357
2397 4182
2398 149
2399 357
2400 3487
2401 4343
2402 866
2403 2282
2404 4891
2405 4825
2406 872
2407 172
2408 2186
2409 3462
2410 2937
2411 3954
2412 4286
2413 4042
2414 3797
2415 3882
2416 2766
2417 1444
2418 393
2419 700
2420 1180
2421 4607
2422 932
2423 780
2424 711
2425 3158
2426 4100
2427 3888
2428 85
2429 869
2430 2655
2431 3845
2432 4749
2433 3820
2434 110
2435 834
2436 4514
2437 4305
2438 2880
2439 1039
2440 4529
2441 4314
2442 1088
2443 1173
2444 2070
2445 1392
2446 4629
2447 839
2448 561
2449 3799
2450 4267
2451 4274
2452 4658
2453 4292
2454 4995
2455 3693
2456 249
2457 3948
2458 2882
2459 3644
2460 908
2461 2906
2462 2468
2463 4613
2464 4618
2465 1786
2466 2226
2467 4055
2468 1725
2469 4159
2470 1866
2471 4593
2472 2019
2473 2746
2474 3021
2475 2809
2476 1522
2477 761
2478 379
2479 4940
2480 3609
2481 875
2482 2926
2483 52
2484 4383
2485 2148
2486 682
2487 2162
2488 968
2489 3921
2490 1360
2491 3289
2492 4052
2493 372
2494 3174
2495 4079
2496 660
2496 4072
2497 275
2498 3550
2499 2501
2500 3405
2501 488
2502 1097
2503 538
2504 1714
2505 4955
2506 604
2507 918
2508 4982
2509 1910
2510 4303
2511 1102
2512 4336
2513 1035
2514 3441
2515 3865
2516 2367
2517 3734
2518 2493
2519 2604
2520 3955
2521 10
2522 2353
2523 574
2524 2254
2525 1238
2526 3841
2527 1167
2528 4372
2529 115
2530 2905
2531 3001
2532 1033
2533 916
2534 1019
2535 470
2536 1596
2537 1151
2538 2290
2539 1267
2540 3531
2541 4809
2542 535
2543 4530
2544 997
2545 4140
2546 40
2547 2948
2548 509
2549 1617
2550 1493
2551 513
2552 3072
2553 2203
2554 177
2555 3389
2556 3854
2557 1372
2558 4222
2559 2236
2560 3894
2561 3748
2562 643
2563 2706
2564 4010
2565 1336
2566 2813
2567 4876
2568 1109
2569 3311
2570 356
2571 4782
2572 248
2573 4826
2574 3133
2575 2056
2576 2214
2577 2437
2578 4001
2579 1756
2580 3941
2581 2516
2582 636
2583 1911
2584 2341
2585 4579
2586 4903
2587 3526
2588 3046
2589 4196
2590 4425
2591 3582
2592 1826
2593 3757
2594 2602
2595 2134
2596 1562
2597 4972
2598 2859
2599 375
2600 156
2601 3418
2602 1797
2603 257
2604 4479
2605 1079
2606 3974
2607 1731
2608 4866
2609 2637
2610 3232
2611 2831
2612 753
2613 2700
2614 3378
2615 1028
2616 1832
2617 882
2618 3778
2619 384
2620 2782
2621 371
2622 2420
2623 1632
2624 4022
2625 4839
2626 3297
2627 4810
2628 2623
2629 4744
2630 3662
2631 1816
2632 3263
2633 1875
2634 726
2635 1851
2636 4746
2637 1546
2638 1696
2639 4929
2640 1414
2641 2633
2642 3967
2643 3824
2644 2515
2645 56
2646 3527
2647 3886
2648 1846
2649 3073
2650 4057
2651 1110
2652 1216
2653 2599
2654 1347
2655 3463
2656 4686
2657 4087
2658 4706
2659 4046
2660 3661
2661 737
2662 4198
2663 4973
2664 1262
2665 1422
2666 1445
2667 4731
2668 516
2669 1473
2670 4363
2671 1492
2672 2598
2673 4875
2674 3259
2674 461
2675 4318
2676 4977
2677 2660
2678 2195
2679 3092
2680 84
2681 353
2682 2268
2683 3139
2684 1996
2685 277
2686 325
2687 100
2688 2557
2689 3684
2690 518
2691 3495
2692 239
2693 2564
2694 2154
2695 1139
2696 4464
2697 2289
2698 3050
2699 3468
2700 3234
2701 3108
2702 1944
2703 760
2704 4665
2705 809
2706 3554
2707 3280
2707 875
2708 3657
2709 2490
2710 3055
2711 1273
2712 3913
2713 1998
2714 1474
2715 2176
2716 3560
2717 1542
2718 3899
2719 1865
2720 3175
2721 3404
2722 2262
2723 31
2724 974
2725 3142
2726 3702
2727 1503
2728 3011
2729 4475
2730 837
2731 1220
2732 764
2733 1958
2734 983
2735 4143
2736 3960
2737 3587
2738 3576
2739 2742
2740 4463
2741 15
2742 3946
2743 2965
2744 550
2745 639
2746 4015
2747 4039
2748 3101
2749 483
2750 3514
2751 2693
2752 2866
2753 4118
2754 101
2755 845
2756 820
2757 2171
2758 3658
2759 2663
2760 2137
2761 407
2762 1438
2763 609
2764 1101
2765 840
2766 1354
2767 4743
2768 4397
2769 1350
2770 1907
2771 2993
2772 1548
2773 122
2774 2903
2775 1876
2776 4836
2777 3537
2778 3187
2779 4872
2780 1160
2781 2145
2782 922
2783 3364
2784 1939
2785 1637
2786 2720
2787 859
2788 140
2789 611
2790 441
2791 1614
2792 61
2793 3221
2794 805
2795 3552
2796 1872
2797 3360
2798 2109
2799 878
2800 921
2801 4946
2802 183
2803 1190
2804 4736
2805 877
2806 98
2807 1784
2808 1137
2809 710
2810 525
2811 380
2812 4748
2813 1988
2814 4034
2815 2504
2816 2270
2817 63
2818 2074
2819 358
2820 1737
2821 551
2822 4350
2823 4261
2824 218
2825 1890
2826 4458
2827 842
2828 3897
2829 4485
2830 3565
2831 2787
2832 695
2833 3631
2834 1593
2835 262
2836 2299
2837 1239
2838 995
2839 2183
2840 1800
2841 3044
2842 315
2843 2761
2844 3228
2845 3942
2846 2606
2847 1662
2848 1406
2849 720
2850 3483
2851 1595
2852 658
2853 2537
2854 1584
2855 1778
2856 1286
2857 3727
2858 3478
2859 2574
2860 806
2861 2220
2862 4611
2863 3400
2864 2443
2865 493
2866 3600
2867 3098
2868 2644
2869 3320
2870 1074
2871 4298
2872 4523
2873 1133
2874 1022
2875 1364
2876 4043
2877 2
2878 4715
2879 4569
2880 3819
2881 2790
2882 109
2883 1299
2884 505
2885 4922
2886 4175
2887 3695
2888 2234
2889 2039
2890 3966
2891 4750
2892 3195
2893 880
2894 2001
2895 4559
2896 2322
2897 3699
2898 3505
2899 1358
2900 3589
2901 2453
2902 4574
2903 2360
2904 1081
2905 2528
2906 897
2907 3212
2908 4225
2909 3561
2910 3421
2911 784
2912 3070
2913 4544
2914 4153
2915 3871
2916 3750
2917 2291
2918 2622
2919 520
2920 3455
2921 1723
2922 4234
2923 4461
2924 4625
2925 683
2926 3340
2927 1055
2928 1402
2929 1852
2930 3270
2931 644
2932 2503
2933 1456
2934 2479
2935 4700
2936 1854
2937 3253
2938 3933
2939 4756
2940 976
2941 4596
2942 532
2943 175
2944 3485
2945 4184
2946 1660
2947 404
2948 4126
2948 2372
2949 300
2950 241
2951 4663
2952 3113
2953 1964
2954 1652
2955 1201
2956 2561
2957 1820
2958 895
2959 4753
2960 1287
2961 3581
2962 3938
2963 939
2964 2668
2965 2913
2966 2286
2967 3863
2968 4637
2969 2454
2970 4405
2971 3568
2972 701
2973 1146
2974 1838
2975 4696
2976 653
2977 447
2978 4757
2979 617
2980 2491
2981 773
2982 4687
2983 2200
2984 4553
2985 2395
2986 1863
2987 4907
2988 608
2989 1818
2990 1062
2991 1501
2992 3312
2993 2273
2994 3127
2995 1716
2996 2891
2997 17
2998 1009
2999 774
3000 3884
3001 2951
3002 288
3003 4767
3004 1570
3005 2691
3006 1972
3007 3656
3008 2397
3009 1237
3010 77
3011 759
3012 1573
3013 697
3014 1017
3015 1331
3016 575
3017 4129
3018 1291
3019 2752
3020 4272
3021 645
3022 4179
3023 3465
3024 2921
3025 2104
3026 2667
3027 530
3028 231
3029 1512
3030 1045
3031 2743
3032 2844
3033 799
3034 3517
3035 3150
3036 519
3036 807
3037 1762
3038 970
3039 1171
3040 146
3041 3036
3042 2696
3043 1768
3044 1727
3045 3767
3046 4156
3047 1847
3048 4208
3049 2488
3050 211
3051 4141
3052 4073
3053 1717
3054 1565
3055 2985
3056 1749
3057 3095
3058 164
3059 4710
3060 4784
3061 4053
3062 744
3063 3406
3064 1746
3065 2110
3066 4187
3067 650
3068 899
3069 2414
3070 2563
3071 1420
3072 4576
3073 1030
3074 670
3075 989
3076 4147
3077 3619
3078 280
3079 664
3080 2722
3081 3825
3082 738
3083 1504
3084 1178
3085 3709
3086 4788
3087 1150
3088 2415
3089 1462
3090 1603
3091 2649
3092 190
3093 3257
3094 3713
3095 3851
3096 3800
3097 3022
3098 361
3099 2164
3100 4762
3101 1015
3102 4382
3103 719
3104 4522
3105 4890
3106 1729
3107 4963
3108 19
3109 2723
3110 3679
3111 841
3112 4988
3113 4520
3114 798
3115 603
3116 994
3117 2160
3118 3027
3119 560
3120 1409
3121 2815
3122 446
3123 1623
3124 3116
3125 1789
3126 3124
3127 2858
3128 4682
3129 496
3130 2942
3131 1618
3132 4379
3133 4231
3134 4393
3135 2139
3136 1941
3137 1345
3138 2686
3139 1071
3140 3549
3141 4386
3142 4835
3143 2159
3144 2873
3145 4664
3146 2048
3147 2193
3148 4615
3149 1885
3150 1152
3151 3633
3152 3326
3153 3647
3154 676
3155 367
3156 1574
3157 1897
3158 4564
3159 801
3160 3794
3161 4594
3162 1549
3163 1158
3164 3238
3165 2854
3166 3290
3167 2781
3168 4817
3169 14
3170 3201
3171 3409
3172 2446
3173 503
3174 1633
3175 3807
3176 591
3177 4814
3178 4713
3179 901
3180 3749
3181 3084
3182 1913
3183 4961
3184 4960
3185 3870
3186 2846
3187 3060
3188 2554
3189 4266
3190 2130
3191 2745
3192 2857
3193 4018
3194 732
3195 1082
3196 4262
3197 2233
3198 1185
3199 1945
3200 4667
3201 3375
3202 4577
3203 4388
3204 2198
3205 3522
3206 3969
3207 1495
3208 1899
3209 688
3210 2219
3211 4369
3212 4610
3213 272
3214 4602
3215 904
3216 3968
3217 3370
3218 1887
3219 1849
3220 755
3221 4723
3222 862
3223 3704
3224 4533
3225 4446
3226 4859
3227 4322
3228 1646
3229 2625
3230 3306
3231 1031
3232 3063
3233 553
3234 4803
3235 2321
3236 1398
3237 4806
3238 723
3239 4223
3240 986
3241 2375
3242 3979
3243 2029
3244 1404
3245 1437
3246 1046
3247 3075
3248 427
3249 2861
3250 2774
3251 4319
3252 4711
3253 765
3254 3903
3255 2385
3256 4695
3257 298
3258 3235
3259 3970
3260 2167
3261 3225
3262 3729
3263 2280
3264 2630
3265 4638
3266 2232
3267 3785
3268 4451
3269 2260
3270 3066
3271 2209
3272 205
3273 2582
3274 2590
3275 2138
3276 3246
3277 4064
3278 3876
3279 2387
3280 1343
3281 4926
3282 2432
3283 1265
3284 2838
3285 830
3286 2959
3287 2324
3288 2910
3289 4045
3290 4701
3291 1709
3292 3152
3293 1335
3294 4498
3295 2190
3296 1759
3297 415
3298 131
3299 2406
3300 2616
3301 3321
3302 2688
3303 4801
3304 4070
3305 1208
3306 2106
3307 2897
3308 3275
3309 3081
3310 4304
3311 3648
3312 973
3313 1476
3314 1098
3315 4936
3316 3220
3317 4277
3318 1114
3319 1761
3320 1100
3321 4199
3322 2355
3323 2378
3324 4005
3325 635
3326 568
3327 4951
3328 2839
3329 2872
3330 2433
3331 4545
3332 3774
3333 1978
3334 4727
3335 223
3336 408
3337 276
3338 1369
3339 2308
3340 4236
3341 4297
3342 4548
3343 2932
3344 4443
3345 1271
3346 2474
3347 945
3348 3603
3349 53
3350 283
3351 544
3352 2125
3353 1193
3354 3703
3355 1362
3356 4457
3357 1926
3358 4649
3359 4125
3360 271
3361 2648
3362 3545
3363 4776
3364 436
3365 3592
3366 2765
3367 258
3368 615
3369 2377
3370 1053
3371 2922
3372 4258
3373 3809
3374 259
3374 2224
3375 1791
3376 4818
3377 1607
3378 692
3379 2357
3380 1556
3381 3905
3382 1054
3383 3207
3384 2015
3384 4691
3385 1511
3386 2620
3387 2986
3388 2975
3389 2080
3390 996
3391 2317
3392 515
3393 3622
3394 2318
3395 2994
3396 4636
3397 1586
3398 1667
3399 416
3400 4521
3401 3130
3402 326
3403 2351
3404 2619
3405 4925
3406 954
3407 3728
3408 1256
3409 4060
3410 4692
3411 2773
3412 2983
3413 2284
3414 1057
3415 3753
3416 3168
3417 1992
3418 1348
3419 702
3420 42
3421 4384
3422 2366
3423 3277
3424 4590
3425 2843
3426 2085
3427 2173
3428 1010
3429 3976
3430 1805
3431 4155
3432 75
3433 1664
3434 3523
3435 912
3436 2806
3437 1923
3438 2895
3439 684
3440 1223
3441 3812
3442 2288
3443 1836
3444 4781
3445 1041
3446 925
3447 4539
3448 2136
3449 2036
3450 2797
3451 1120
3452 1850
3453 386
3454 411
3455 2647
3456 4572
3457 2097
3458 2258
3459 3673
3460 1610
3461 2031
3462 1154
3463 434
3464 1130
3465 3250
3466 606
3467 4123
3468 3058
3469 3141
3470 1861
3471 1569
3472 2811
3473 1695
3474 2762
3475 1882
3475 3614
3476 1730
3477 1815
3478 3994
3479 3879
3480 458
3481 4333
3482 3008
3483 224
3484 3437
3485 3724
3486 3920
3487 189
3488 1
3489 2310
3490 2694
3491 2032
3492 2337
3493 309
3494 3016
3495 3595
3496 675
3497 2320
3498 3542
3499 3430
3500 2014
3501 2215
3502 1523
3503 3604
3504 3835
3505 2030
3506 1508
3507 328
3508 1753
3509 2690
3510 4065
3511 108
3512 1703
3513 2274
3514 4677
3515 2680
3516 3598
3517 3878
3518 659
3519 817
3520 3782
3521 687
3522 4560
3523 465
3524 4404
3525 1042
3526 1715
3527 3769
3528 1598
3529 3167
3531 1788
3532 1128
3533 4174
3533 19
3534 2724
3535 2231
3536 3499
3537 4098
3538 504
3539 4265
3540 3855
3541 3686
3542 2536
3543 4833
3544 198
3545 4360
3546 4244
3547 1496
3548 582
3549 2413
3550 1807
3551 2818
3552 1007
3553 2255
3554 3020
3555 1892
3556 739
3557 3666
3558 1388
3559 378
3560 693
3561 1608
3562 4422
3563 305
3563 3152
3564 1631
3565 3249
3566 2372
3567 1840
3568 3494
3569 4480
3570 2380
3571 2256
3572 343
3573 335
3574 856
3575 2436
3576 4626
3577 4389
3578 2118
3579 2938
3580 2512
3581 662
3582 2112
3583 2678
3584 4249
3585 1775
3586 3223
3587 4482
3588 440
3589 2860
3590 2510
3591 2494
3592 3354
3593 3121
3594 1003
3595 678
3596 4513
3597 2852
3598 2116
3599 2323
3600 1825
3601 501
3602 2358
3603 2257
3604 1116
3605 2127
3606 1766
3607 345
3608 3427
3609 3815
3610 3017
3611 3342
3612 1968
3613 3481
3614 3642
3615 285
3616 4433
3617 4633
3618 745
3619 4445
3620 456
3621 252
3622 290
3623 1459
3624 1551
3625 1592
3626 3987
3627 302
3628 1740
3629 1771
3630 256
3631 4390
3632 2758
3633 3652
3634 1590
3635 979
3636 2636
3637 4542
3638 2212
3639 1212
3640 704
3641 3738
3642 3805
3643 4777
3644 4728
3645 1059
3646 4067
3647 3190
3648 270
3649 4675
3650 3705
3651 2645
3652 3279
3653 3900
3654 3261
3655 3333
3656 3042
3657 4630
3658 2771
3659 2010
3660 1639
3661 4948
3662 4604
3663 2892
3664 1195
3665 2615
3666 2612
3667 3054
3668 2982
3669 4163
3670 605
3671 2999
3672 4008
3673 3384
3674 4887
3675 992
3676 4949
3677 2229
3678 499
3679 1984
3680 2991
3681 4622
3682 3660
3683 3687
3684 3745
3685 3305
3686 1893
3687 4896
3688 3143
3689 1199
3690 965
3691 2560
3692 4294
3693 706
3694 4720
3695 893
3696 3912
3697 2992
3698 3283
3699 2428
3700 889
3701 4916
3702 4220
3703 1477
3704 770
3705 1264
3706 126
3707 1532
3708 3114
3709 2708
3710 1675
3711 1408
3712 2579
3713 4340
3714 3792
3715 1801
3716 1219
3717 915
3718 2272
3719 1488
3720 2780
3721 2492
3722 4084
3723 88
3724 4335
3725 2346
3726 2381
3727 4197
3728 1162
3729 373
3730 3178
3731 2628
3732 1946
3733 1166
3734 3636
3735 1355
3736 3625
3737 2142
3738 3245
3739 1520
3740 4994
3741 4134
3742 1544
3743 3759
3744 4912
3745 2939
3746 3041
3747 2101
3748 3034
3749 4195
3750 1600
3751 4139
3752 2958
3753 2179
3754 4181
3755 4685
3755 2274
3756 4774
3757 2575
3758 4714
3759 2075
3760 3885
3761 2345
3762 843
3763 2313
3764 1671
3765 1594
3766 3440
3767 2888
3768 2887
3769 2608
3770 2225
3771 266
3772 4094
3773 1296
3774 173
3775 4104
3776 4820
3777 1292
3778 1629
3779 1744
3780 2102
3781 3898
3782 2017
3783 1197
3784 3726
3785 4301
3786 2565
3787 2194
3788 3964
3789 665
3790 4158
3791 4652
3792 246
3793 909
3794 71
3795 273
3796 459
3797 1467
3798 406
3799 2473
3800 1827
3801 570
3802 2111
3803 3732
3804 3654
3805 3023
3806 4429
3807 2287
3808 1341
3809 595
3810 3128
3811 2801
3812 2592
3813 1693
3814 2912
3815 1765
3816 341
3817 1440
3818 3163
3819 4537
3820 1625
3821 1884
3822 3597
3823 3873
3824 2382
3825 1558
3826 884
3827 1808
3828 4243
3829 3553
3830 1255
3831 610
3832 2889
3833 3929
3834 4214
3835 2057
3836 2361
3837 4290
3838 1599
3839 4194
3840 1552
3841 4478
3842 2465
3843 2740
3844 3093
3845 4752
3846 2228
3847 714
3848 2506
3849 1651
3850 1203
3851 268
3852 4933
3853 1277
3854 2275
3855 4775
3856 2928
3857 3338
3858 2741
3859 4919
3860 4468
3861 2851
3862 3895
3863 2352
3864 1920
3865 4026
3866 2211
3867 4081
3868 2505
3869 1380
3870 3039
3871 2527
3872 569
3873 188
3874 2617
3875 883
3876 1763
3877 3911
3878 2411
3879 3343
3880 2246
3881 751
3882 4816
3883 2715
3884 2634
3885 599
3886 1249
3887 2285
3888 1540
3889 4150
3890 2480
3891 2303
3892 4448
3893 3156
3894 331
3895 4047
3896 4256
3897 4641
3898 1093
3899 2430
3900 25
3901 387
3902 3796
3903 1779
3904 3641
3905 2185
3906 4032
3907 4754
3908 2805
3909 1516
3910 4910
3911 3697
3912 4779
3913 1468
3914 1619
3915 4342
3916 1482
3917 2699
3918 4224
3919 2679
3920 2788
3921 137
3922 1628
3923 194
3924 2747
3925 3241
3926 4107
3927 4144
3928 3664
3929 1669
3930 3445
3931 1329
3932 1177
3933 3496
3934 4924
3935 3500
3936 4845
3937 651
3938 2614
3939 4992
3940 4914
3941 4565
3942 4547
3943 3601
3944 269
3945 2610
3946 4242
3947 4408
3948 4861
3949 666
3950 2023
3951 3857
3952 1563
3953 4476
3954 588
3955 1839
3956 541
3957 1118
3958 3227
3959 3269
3960 3386
3961 3740
3962 355
3963 2114
3964 4897
3965 3645
3966 4766
3967 4998
3968 3862
3969 1202
3970 4854
3971 3230
3972 2153
3973 365
3974 3480
3975 2611
3976 1449
3977 349
3978 2088
3979 689
3980 2534
3981 4791
3982 4353
3983 3099
3984 4672
3985 555
3986 4086
3987 1758
3988 2087
3989 2731
3990 2486
3991 2004
3992 623
3993 320
3994 4881
3995 3237
3996 3475
3997 1833
3998 383
3999 1251
4000 1353
4001 2707
4002 477
4003 1798
4004 873
4005 1043
4006 2670
4007 1989
4008 3754
4009 4997
4010 4591
4011 3451
4012 3746
4013 991
4014 274
4015 4684
4016 4424
4017 2953
4018 1934
4019 2643
4020 2568
4021 565
4022 3271
4023 1228
4024 1575
4025 4117
4026 99
4027 3667
4028 3025
4029 1257
4030 3720
4031 397
4032 2716
4033 90
4034 4210
4035 790
4036 152
4037 3839
4038 4300
4039 871
4040 1206
4041 4447
4042 3945
4043 1867
4044 2692
4045 4851
4046 1050
4047 3452
4048 1297
4049 4747
4050 2276
4051 292
4052 2115
4053 449
4054 3488
4055 3570
4056 2524
4057 2968
4058 879
4059 3085
4060 163
4061 673
4062 1083
4063 1676
4064 4221
4065 1889
4066 3348
4067 4337
4068 106
4069 399
4070 3628
4071 426
4072 2733
4073 171
4074 4152
4075 3350
4076 3367
4077 4110
4078 917
4079 573
4080 1513
4081 2384
4082 4308
4083 2227
4084 1169
4085 289
4086 170
4087 1557
4088 2570
4089 1352
4090 2917
4091 3689
4092 2850
4093 3205
4094 4430
4095 410
4096 4632
4097 1935
4098 4124
4099 4770
4100 4601
4101 2613
4102 4937
4103 4282
4104 1366
4105 45
4106 1683
4107 4516
4108 2552
4109 3674
4110 1828
4111 3303
4112 1094
4113 2849
4114 3663
4115 134
4116 1566
4117 827
4118 3653
4119 2476
4120 214
4121 1410
4122 2090
4123 1442
4124 2013
4125 1647
4126 4899
4127 32
4128 3077
4129 2410
4130 83
4131 238
4132 1536
4133 2067
4134 3109
4135 267
4136 3413
4137 419
4138 2523
4139 4959
4140 1078
4141 4142
4142 3094
4143 430
4144 3436
4145 955
4146 510
4147 2094
4148 486
4149 1149
4150 3322
4151 1248
4152 3477
4153 3504
4154 4361
4155 1515
4156 4456
4157 2559
4158 3730
4159 2122
4160 671
4161 1417
4162 148
4163 4745
4164 263
4165 4074
4166 4131
4167 4822
4168 3822
4169 3172
4170 2785
4171 1685
4172 89
4173 1821
4174 1931
4175 4162
4176 222
4177 4952
4178 4787
4179 4371
4180 480
4181 3155
4182 4068
4183 758
4184 4154
4185 2779
4186 1813
4187 3265
4188 4724
4189 953
4190 2525
4191 4164
4192 1115
4193 1702
4194 4025
4195 1507
4196 1822
4197 1957
4198 485
4199 1192
4200 4578
4201 492
4202 2447
4203 2531
4204 2452
4205 2147
4206 4151
4207 1293
4208 3422
4209 4609
4210 1814
4211 1235
4212 4116
4213 3309
4214 690
4215 4003
4216 4279
4217 451
4218 3586
4219 3859
4220 2638
4221 1841
4222 1559
4223 2199
4224 4901
4225 2874
4226 2431
4227 885
4228 1794
4229 4738
4230 338
4231 30
4232 2259
4233 2578
4234 2856
4235 3153
4236 1142
4237 1588
4238 559
4238 1742
4239 4133
4240 846
4241 476
4242 2727
4243 4066
4244 1144
4245 443
4246 1037
4247 491
4248 2659
4249 728
4250 4693
4251 4493
4252 2923
4253 3520
4254 2940
4255 624
4256 3742
4257 2054
4258 960
4259 3082
4260 363
4261 2177
4262 1469
4263 4742
4264 4620
4265 254
4266 2061
4267 432
4268 1543
4269 1494
4270 3192
4271 4309
4272 1182
4273 2573
4274 952
4275 2294
4276 2500
4277 1810
4278 2791
4279 622
4280 3266
4281 1121
4282 4041
4283 1048
4284 1657
4285 330
4286 1285
4287 3770
4288 3180
4289 4906
4290 3476
4291 4650
4292 3460
4293 498
4294 3179
4295 3959
4296 4898
4297 2374
4298 3365
4299 37
4300 1929
4301 1502
4302 3821
4303 2549
4304 4707
4305 4671
4306 2216
4307 4900
4308 3295
4309 70
4310 1966
4311 779
4312 4509
4313 2348
4314 2812
4315 1187
4316 4096
4317 2654
4318 1541
4319 1231
4320 552
4321 3140
4322 646
4323 813
4324 1103
4325 2551
4326 3700
4327 3191
4328 2572
4329 4413
4330 2086
4331 4398
4332 4660
4333 2672
4334 2695
4335 1143
4336 4921
4337 2296
4338 2803
4339 2089
4340 3599
4341 3013
4342 1976
4343 2333
4344 1242
4345 3007
4346 808
4347 4958
4348 2239
4349 2003
4350 1525
4351 2402
4352 160
4353 2409
4354 3928
4355 1225
4356 2709
4357 2701
4358 43
4359 67
4360 1747
4361 4942
4362 4089
4363 2626
4364 2405
4365 4680
4366 1001
4367 590
4368 340
4369 1310
4370 1616
4371 896
4372 4852
4373 507
4374 934
4375 4849
4376 1295
4377 2878
4378 4400
4379 1677
4380 2400
4380 2122
4381 3707
4382 1288
4383 3893
4384 123
4385 3208
4386 306
4387 4597
4388 1568
4389 2189
4390 612
4391 4002
4392 4013
4393 1377
4394 4599
4395 3723
4396 735
4397 597
4398 4739
4399 4499
4400 1096
4401 2295
4402 4531
4403 2929
4404 1373
4405 2732
4406 811
4407 2396
4408 708
4409 1802
4410 1258
4411 977
4412 3588
4413 3852
4414 3539
4415 1012
4416 3346
4417 1666
4417 2201
4418 3760
4419 3530
4420 2386
4421 2871
4422 1943
4423 566
4424 1587
4425 1656
4426 1539
4427 4763
4428 2898
4429 4819
4430 2327
4431 2996
4432 848
4433 3457
4434 1002
4435 466
4436 3112
4437 958
4438 2971
4439 3691
4440 795
4441 632
4442 4439
4443 1668
4444 822
4445 4503
4446 546
4447 4387
4448 1124
4449 286
4450 3775
4451 1537
4452 2283
4453 1694
4454 787
4455 2770
4456 4401
4457 1987
4458 4993
4459 5000
4460 1604
4461 2960
4462 398
4463 4033
4464 4054
4465 3607
4466 3756
4467 2398
4468 1385
4469 1817
4470 3613
4471 2434
4472 3814
4473 2684
4474 3736
4475 4666
4476 769
4477 4331
4478 4986
4479 78
4480 2049
4481 2796
4482 887
4483 3832
4484 4566
4485 3930
4486 927
4487 3416
4488 4271
4489 2836
4490 4705
4491 1708
4492 2449
4493 4996
4494 3293
4495 1701
4496 626
4497 3089
4498 4396
4499 181
4500 944
4501 1883
4502 3672
4503 3998
4504 4496
4505 3373
4506 1351
4507 1104
4508 1806
4509 1895
4510 1674
4511 4837
4512 3932
4513 3993
4514 87
4515 1210
4516 132
4517 4011
4518 3858
4519 1896
4520 4794
4521 2006
4522 4730
4523 4662
4524 278
4525 3491
4526 832
4527 3292
4528 3467
4529 2389
4530 1478
4531 2738
4532 2487
4533 2202
4534 2829
4535 4325
4536 1207
4537 4855
4538 2587
4539 3387
4540 2753
4541 1545
4542 629
4543 2970
4544 3182
4545 1339
4546 350
4547 1044
4548 4283
4549 1135
4550 4268
4551 3983
4552 3065
4553 4941
4554 4203
4555 2848
4556 1319
4557 4235
4558 1955
4559 1948
4560 3992
4561 4612
4562 3183
4563 3956
4564 2596
4565 3823
4566 4546
4567 2821
4568 4502
4569 3076
4570 596
4571 1471
4572 388
4573 717
4574 749
4575 1145
4576 641
4577 2966
4578 2121
4579 295
4580 4095
4581 1132
4582 3559
4583 792
4584 3501
4585 202
4586 235
4587 833
4588 3710
4589 304
4590 1301
4591 4584
4592 2514
4593 457
4594 3097
4595 4805
4596 747
4597 1309
4598 417
4599 3838
4600 3294
4601 1705
4602 3458
4603 2571
4604 1384
4605 3145
4606 1415
4607 2748
4608 4653
4609 4024
4610 3218
4611 129
4612 545
4613 2342
4614 1843
4615 3243
4616 852
4617 4536
4618 395
4619 542
4620 34
4621 228
4622 4879
4623 4962
4624 3031
4625 4232
4626 4979
4627 1217
4628 2725
4629 3630
4630 4526
4631 1547
4632 1276
4633 891
4634 3423
4635 4490
4636 3040
4637 4112
4638 2043
4639 1517
4640 4947
4641 303
4642 4678
4643 1712
4644 4326
4645 3844
4646 858
4647 4506
4648 3231
4649 4635
4650 2376
4651 1270
4652 4
4653 1877
4654 3147
4655 2517
4656 1974
4657 4497
4658 472
4659 2826
4660 3157
4661 3043
4662 4145
4663 1533
4664 4549
4665 1396
4666 291
4667 3028
4668 4049
4669 3515
4670 4365
4671 3399
4672 3840
4673 1524
4674 3473
4675 3989
4676 3002
4677 1475
4678 4395
4679 3765
4680 4709
4681 3624
4682 1644
4683 2943
4684 4423
4685 3511
4686 2750
4687 4733
4688 2682
4689 1819
4690 1975
4691 587
4692 161
4693 517
4694 2462
4695 2379
4696 607
4697 1490
4698 1734
4699 128
4700 654
4701 3035
4702 3764
4703 906
4704 4339
4705 3575
4706 91
4707 4987
4708 864
4709 1742
4710 2484
4711 2799
4712 1954
4713 1823
4714 4619
4715 113
4716 2448
4717 3061
4718 3415
4719 4136
4720 3319
4721 4442
4722 4359
4723 4285
4724 3489
4725 3669
4726 4489
4727 648
4728 3651
4729 4558
4730 3646
4731 4469
4732 2461
4733 1325
4734 3284
4735 2629
4736 4718
4737 2265
4738 3510
4739 677
4740 2641
4741 3980
4742 2469
4743 4528
4744 1275
4745 4188
4746 3786
4747 1787
4748 1218
4749 3169
4750 95
4751 264
4752 1294
4753 3299
4754 4793
4755 409
4756 495
4757 2371
4758 2128
4759 3715
4760 2884
4761 1942
4762 2297
4763 3219
4764 2664
4765 2769
4766 3484
4767 2143
4768 2412
4769 3136
4770 2483
4771 4557
4772 4419
4773 3131
4774 3426
4775 1357
4776 1728
4777 461
4778 956
4779 2924
4780 3887
4781 576
4782 3438
4783 2281
4784 3608
4785 4080
4786 1936
4787 2482
4788 847
4789 337
4790 2170
4791 1040
4792 2562
4793 2896
4794 2624
4795 4465
4796 2518
4797 81
4798 4843
4799 2052
4800 2789
4801 4257
4802 2555
4803 2421
4804 4863
4805 35
4806 2435
4807 3439
4808 620
4809 242
4810 1302
4811 2495
4812 4311
4813 1018
4814 50
4815 3442
4816 4051
4817 2018
4818 4494
4819 3005
4820 4280
4821 448
4822 4093
4823 3379
4823 2515
4824 3209
4825 203
4826 307
4827 2156
4828 3991
4829 3577
4830 2300
4831 4259
4832 543
4833 1176
4834 2847
4835 581
4836 803
4837 772
4838 4421
4839 2217
4840 197
4841 4334
4842 804
4843 2141
4843 347
4844 4563
4845 2022
4846 4683
4847 967
4848 117
4849 3353
4850 250
4851 1856
4852 1305
4853 1862
4854 2498
4855 3314
4856 3584
4857 2755
4858 4099
4859 816
4860 2312
4861 4555
4862 3842
4863 4846
4864 1026
4865 4905
4866 2095
4867 1029
4868 4606
4869 111
4870 2990
4871 4200
4872 4800
4873 3833
4874 712
4875 2808
4876 4071
4877 2656
4878 1000
4879 4428
4880 2576
4881 73
4882 3829
4883 336
4884 1011
4885 1204
4886 3918
4887 1858
4888 1084
4889 2726
4890 318
4891 3122
4892 2133
4893 4115
4894 1161
4895 4808
4896 1514
4897 3534
4898 1181
4899 1510
4900 1280
4901 1776
4902 2600
4903 4083
4904 3317
4905 888
4906 534
4907 4434
4908 2123
4909 3877
4910 3758
4911 1013
4912 4957
4913 2496
4914 1925
4915 4923
4916 2718
4917 1963
4918 3102
4919 2508
4920 743
4921 1751
4922 1809
4923 4717
4924 1641
4925 460
4926 3637
4927 1005
4928 2230
4929 1519
4930 147
4931 1932
4932 4534
4933 4773
4934 523
4935 1283
4936 4812
4937 4376
4938 4605
4939 3126
4940 1615
4941 3380
4942 2332
4943 187
4944 4953
4945 1881
4946 1189
4947 537
4948 4631
4949 3939
4950 1125
4951 1399
4952 4113
4953 3735
4954 4233
4955 3383
4956 4860
4957 3798
4958 3890
4959 2069
4960 3447
4961 1567
4962 4741
4963 3988
4964 44
4965 2011
4966 3795
4967 1099
4968 2710
4969 479
4970 3999
4971 672
4972 167
4973 79
4974 2870
4975 27
4976 4755
4977 2119
4978 3972
4979 4550
4980 554
4981 1282
4982 657
4983 1621
4984 900
4985 508
4986 311
4987 2890
4988 3896
4989 1528
4990 583
4991 1792
4992 4082
4993 428
4994 232
4995 4263
4996 2798
4997 849
4998 3203
4999 2009
5000 527
