9
2 3
1 2 15
2 1 10
2 1 17
3 2
2 3 10
3 2 15
4 3
2 3 20
3 4 30
3 2 1
4 5
3 4 25
2 1 10
3 2 50
4 1 1
1 4 30
5 4
3 2 21
5 1 50
2 1 19
4 5 30
2 1
2 1 1
7 17
1    3    20
1    2    60
4    1    70
1    4    10
2    3    70
3    2    70
2    5    50
4    7    70
2    4    80
4    5    20
5    7    90
5    6    40
7    6    50
3    5    100
3    6    10
6    3    50
1    6    30
8 10
1    2    102
5    6    55
5    1    63
2    6    42
4    3    27
3    8    110
7    3    78
7    8    61
4    8    110
2    5    56
20 40
19    2    29
14    16    15
18    13    49
11    8    86
9    1    46
14    16    52
5    14    11
17    2    26
16    14    36
6    2    32
13    19    91
10    8    36
5    19    57
12    5    46
10    2    85
2    8    108
17    2    21
16    17    24
17    7    102
8    1    15
19    9    39
4    13    88
6    8    60
12    14    82
12    11    57
11    19    102
5    3    86
17    16    23
7    20    35
15    10    60
12    14    57
12    3    57
14    19    24
19    13    55
2    9    95
13    19    75
4    11    72
15    19    53
12    1    72
1    6    75
