4
100 200
9    43    14
64    55    99
96    45    50
62    19    61
45    65    11
31    94    32
65    80    63
78    98    71
19    85    37
48    71    35
26    28    37
59    60    73
67    68    106
12    73    17
94    3    79
88    76    48
27    47    76
100    7    84
38    100    95
59    51    39
63    16    62
47    77    99
4    92    49
45    49    103
50    36    106
22    3    105
43    83    67
59    90    48
27    86    13
44    51    36
31    96    19
98    12    83
73    56    52
27    2    60
33    85    69
17    43    39
91    95    21
95    47    55
81    39    109
80    41    47
61    46    29
44    73    11
50    27    26
9    92    26
25    74    27
20    1    40
22    21    40
78    61    11
76    96    92
73    51    103
87    47    69
100    64    13
10    89    97
88    35    44
53    98    15
6    77    43
72    73    72
62    43    64
44    39    83
69    71    73
15    97    62
21    2    71
67    45    53
11    7    86
7    23    87
23    71    109
14    92    50
75    91    96
96    70    101
16    14    43
16    48    36
44    95    38
80    33    16
99    14    30
4    58    29
79    18    82
10    76    77
9    88    84
68    46    37
46    39    91
25    76    14
51    54    21
94    96    64
50    37    17
15    99    28
1    60    109
74    2    76
89    7    57
32    87    94
19    47    32
22    68    107
75    22    79
7    70    97
41    98    37
72    71    69
38    60    108
43    14    49
77    56    73
17    20    104
53    16    12
65    20    19
9    95    69
60    38    88
74    65    33
66    15    40
88    82    34
74    90    64
17    50    17
67    50    58
30    12    81
45    97    89
78    70    74
53    80    32
12    50    67
95    44    107
76    45    72
51    57    39
39    3    66
50    83    20
40    93    109
10    46    28
71    99    22
73    23    11
67    8    84
20    93    88
48    36    61
66    67    55
97    89    46
39    56    68
21    64    28
13    66    35
92    93    15
57    10    93
22    36    51
51    59    20
50    55    101
42    77    81
50    5    87
5    58    90
16    87    69
20    80    62
40    22    33
94    97    107
53    97    78
76    9    40
87    45    82
86    84    54
23    12    68
95    5    49
5    79    48
6    61    68
67    9    17
10    54    80
10    6    23
7    76    93
78    63    26
50    88    59
21    10    56
80    54    60
67    10    96
69    82    55
65    68    79
73    16    60
73    76    87
45    22    88
12    52    60
10    47    17
62    42    98
86    21    17
61    78    13
85    58    55
69    61    61
11    18    16
81    7    88
11    53    98
9    24    100
96    65    37
58    93    64
71    17    87
74    69    71
95    49    53
35    91    44
46    89    11
9    42    69
98    96    27
71    11    11
16    81    49
78    17    67
37    70    100
5    91    35
89    100    102
62    99    59
11    63    98
8    56    16
60    9    97
93    83    93
33    58    47
93    56    70
10    14    13
86    15    84
100 300
36    43    11
78    94    25
62    58    21
8    35    53
74    91    82
2    80    69
46    63    32
30    5    72
86    30    12
77    44    79
33    16    73
32    96    22
42    33    14
97    16    104
21    66    10
46    72    102
56    89    88
99    41    76
10    52    104
51    53    22
22    42    39
56    34    38
15    77    76
72    77    63
90    69    18
1    55    57
23    98    81
75    45    51
94    75    36
21    71    72
89    66    93
4    88    63
22    52    41
96    43    26
56    53    67
40    89    84
83    51    12
8    87    13
69    85    20
30    93    67
94    70    58
92    85    62
27    52    22
22    1    74
36    41    36
34    69    108
63    5    18
40    57    21
89    28    75
89    28    75
82    42    93
76    77    60
35    31    80
46    78    90
38    19    93
37    84    13
97    100    20
20    7    15
89    11    38
70    77    78
49    9    68
84    3    63
13    65    41
31    27    22
25    60    100
36    95    83
4    99    13
91    7    33
4    69    43
10    27    34
6    66    107
99    52    89
51    60    65
52    56    70
92    11    60
74    73    37
44    23    107
98    29    86
47    53    103
99    1    98
95    69    47
12    91    83
25    27    51
90    82    105
21    67    59
92    36    107
74    34    14
100    65    21
50    59    54
8    65    40
48    93    65
67    50    11
40    52    78
17    88    64
55    49    104
79    38    11
93    98    39
98    8    31
100    52    56
32    28    54
35    53    78
39    77    23
64    37    64
65    69    12
93    72    74
26    65    90
20    77    91
13    60    10
91    47    59
99    84    61
27    73    68
46    17    72
42    29    54
78    88    88
50    94    87
37    57    101
66    80    31
66    76    38
54    43    38
36    68    77
43    17    105
65    99    15
5    6    28
53    29    30
61    30    36
79    38    86
63    13    97
54    62    77
15    35    41
94    34    39
65    6    42
28    62    60
78    11    29
91    2    32
81    24    77
29    88    74
90    14    59
50    79    60
30    93    61
81    9    105
72    94    23
9    100    58
41    1    51
81    62    47
50    19    14
88    61    21
6    32    79
70    48    23
66    94    104
66    16    40
47    11    45
89    83    25
10    32    18
41    34    102
56    42    40
9    64    34
60    84    17
45    32    42
74    34    25
73    38    104
38    3    89
58    9    14
41    82    91
22    54    107
25    60    90
59    80    36
93    43    10
95    43    25
87    72    104
37    20    61
43    26    46
40    31    99
29    46    16
97    43    20
51    50    72
79    32    56
11    27    37
92    11    97
64    49    109
23    60    105
7    92    98
18    29    69
20    100    97
49    60    21
29    26    53
76    7    87
67    95    88
14    10    48
79    28    94
8    59    93
55    5    56
14    88    95
34    6    96
69    38    61
30    93    65
39    54    44
82    27    49
58    55    58
55    15    73
35    32    84
92    64    67
29    47    82
34    8    36
62    76    74
77    49    40
35    97    42
95    59    21
77    41    53
53    14    92
4    22    53
85    40    16
6    81    89
100    10    68
87    88    17
51    22    33
17    37    68
78    31    26
27    63    23
65    18    13
8    34    95
68    27    108
52    64    62
79    4    37
80    96    52
12    23    16
22    43    85
85    20    77
29    18    100
42    39    27
98    84    70
100    28    74
12    85    15
99    48    99
19    90    58
35    8    11
73    52    54
88    4    104
71    31    44
80    1    42
72    43    16
88    31    99
26    71    63
51    7    57
16    1    59
85    89    82
85    13    27
26    53    23
94    90    34
35    67    35
83    91    69
87    79    93
7    77    15
87    22    19
33    89    81
16    4    50
74    47    36
18    7    59
62    43    52
74    76    97
68    37    36
43    38    15
79    78    32
71    43    106
5    11    92
70    3    49
56    45    46
92    66    91
96    29    108
21    46    60
14    4    42
10    67    71
88    65    52
39    37    68
83    12    96
3    69    43
38    71    105
4    100    65
35    26    54
55    21    38
65    86    108
91    7    46
57    35    10
66    83    26
53    80    99
4    51    92
50    83    36
74    84    96
92    77    26
63    89    11
99    100    74
60    39    19
34    45    70
22    84    10
24    53    13
98    48    59
27    78    103
44    82    64
39    18    94
68    75    81
93    5    21
500 1000
14    400    119
164    200    111
121    219    71
182    500    94
398    362    85
411    221    97
283    61    116
429    221    12
150    188    97
89    141    149
256    225    40
32    426    61
393    111    148
203    460    156
320    100    101
400    185    80
8    447    70
336    429    56
330    98    133
44    354    88
201    403    52
41    56    70
403    35    182
112    180    124
470    75    89
170    340    76
405    142    106
218    134    103
434    123    95
294    352    36
395    355    66
318    265    184
62    389    138
189    486    95
351    330    32
371    465    111
475    293    113
173    345    24
44    113    57
415    439    98
44    373    164
376    254    93
315    116    118
434    161    70
167    480    121
4    25    80
126    305    122
55    318    92
17    35    136
160    245    130
292    261    67
250    92    111
433    130    88
154    280    86
73    175    141
158    415    129
381    465    50
1    54    34
370    432    50
157    58    104
195    403    66
60    323    126
342    470    65
145    388    19
70    120    181
34    218    104
444    159    51
240    171    106
483    180    85
406    42    78
403    247    151
157    468    145
482    34    169
263    456    113
376    173    106
124    169    85
82    16    120
488    391    77
102    386    39
161    379    106
413    142    122
140    348    160
415    425    118
138    283    93
294    345    78
236    87    85
217    183    43
182    426    18
345    75    26
139    145    102
408    84    82
214    326    40
445    430    143
351    226    121
164    474    94
339    395    171
165    444    167
143    264    88
315    286    86
395    3    59
330    450    89
50    14    118
328    439    157
287    33    101
336    148    84
218    92    73
233    396    147
151    344    81
113    287    84
318    206    34
186    365    165
353    176    144
449    174    66
207    298    139
184    421    26
261    360    149
74    284    147
48    160    125
484    308    124
49    262    55
417    336    92
230    127    44
380    134    2
42    216    152
41    451    82
381    281    72
198    19    90
429    90    136
438    118    40
170    154    106
139    180    49
120    22    134
445    37    191
143    410    64
257    433    119
101    334    65
252    147    18
368    146    73
296    252    66
188    481    167
334    5    83
345    469    60
460    488    101
327    157    155
212    279    60
377    27    106
358    226    87
242    6    117
170    10    94
128    192    131
269    440    175
209    154    79
262    471    81
431    309    168
73    7    169
107    66    108
85    173    82
329    266    46
107    15    154
381    465    100
405    178    84
315    297    56
242    328    111
185    78    189
297    1    33
296    152    10
198    411    106
234    116    64
97    106    157
332    404    134
415    343    131
61    29    123
218    181    123
229    454    124
433    492    137
214    438    26
203    220    148
474    21    111
388    213    108
2    493    94
246    290    83
253    29    112
17    393    78
126    7    97
75    154    102
6    153    84
75    215    57
436    290    129
29    265    103
275    454    104
169    319    75
29    342    108
354    387    87
172    405    80
121    264    101
251    296    168
341    276    83
42    8    61
275    130    118
333    308    112
454    205    102
320    291    134
416    329    103
284    149    122
174    3    119
138    385    84
249    195    55
241    278    116
306    108    60
126    69    41
198    430    80
376    162    54
241    34    76
289    483    48
33    381    80
361    88    94
459    479    84
25    391    119
351    278    73
84    375    81
297    358    117
363    297    104
212    120    102
422    209    90
462    342    88
367    256    57
127    448    108
218    298    88
112    311    137
260    448    49
183    111    13
9    328    12
416    444    56
54    77    89
245    25    86
240    413    69
124    404    106
52    142    84
15    123    34
284    494    64
498    425    114
190    46    66
446    441    190
436    465    150
88    94    86
326    74    85
247    214    156
100    38    98
362    131    47
115    146    85
51    388    78
444    91    134
243    250    82
56    480    51
382    488    26
22    500    56
287    228    146
205    110    38
430    71    68
451    16    122
39    98    179
293    148    109
201    149    82
55    333    79
132    369    65
226    311    31
474    482    17
194    269    126
69    9    66
443    400    126
123    299    136
304    220    87
384    339    70
159    339    88
209    294    86
376    78    103
253    290    72
496    276    67
399    163    138
371    60    84
190    500    123
469    43    92
426    303    37
76    475    33
370    239    21
83    242    93
389    350    39
363    388    55
129    366    131
284    124    130
487    288    6
108    307    126
390    248    104
402    77    26
53    440    83
2    268    11
168    63    154
475    211    156
468    271    100
20    489    58
400    86    55
8    343    88
304    395    32
240    163    49
106    333    120
179    156    114
33    354    58
315    205    77
118    376    125
346    306    157
91    470    142
326    3    107
492    50    91
211    453    138
109    342    40
33    441    92
121    33    38
453    333    116
166    368    96
175    427    80
101    99    157
165    407    122
175    463    90
145    214    54
287    303    135
94    197    156
36    259    95
239    171    39
236    317    157
17    131    142
2    170    75
163    246    58
65    71    119
124    385    142
91    376    91
82    482    91
481    401    104
230    117    56
336    380    101
224    289    97
269    381    131
381    432    72
181    227    136
447    251    86
406    500    90
381    4    52
183    40    45
378    81    176
352    4    135
242    17    46
399    205    104
470    107    67
416    285    43
10    51    172
445    489    165
210    322    119
321    478    52
402    381    152
394    15    51
364    116    147
185    230    43
23    413    136
229    288    161
467    173    41
428    460    113
377    393    54
463    200    39
401    158    127
31    385    116
42    81    44
486    24    54
198    292    37
360    251    187
195    380    114
467    118    68
118    18    127
469    215    81
104    461    88
444    179    23
296    157    53
143    184    75
464    325    138
54    61    129
238    47    94
344    235    82
151    227    42
25    281    150
253    92    144
383    60    74
332    254    104
41    272    124
165    337    42
465    456    165
357    78    89
37    13    60
305    109    127
405    118    121
405    80    100
239    393    121
24    185    80
262    172    74
346    180    26
376    357    127
278    185    54
250    287    112
209    115    90
1    421    96
287    81    111
119    316    154
493    124    95
49    199    57
33    394    191
157    230    142
468    475    132
366    277    99
292    188    75
186    152    63
397    45    120
309    273    32
490    327    178
333    458    135
133    491    126
141    361    92
80    50    173
338    115    52
428    314    55
256    338    128
237    112    103
338    355    113
15    137    108
207    203    127
201    219    96
55    267    170
351    361    161
255    315    89
344    372    62
147    155    136
9    314    86
73    97    67
210    361    120
205    288    41
127    284    121
403    111    34
486    345    129
445    282    97
448    405    97
284    498    57
247    130    40
323    117    52
120    335    97
420    13    139
197    276    85
45    274    50
457    438    32
446    257    152
391    360    148
240    291    84
366    495    83
462    13    152
175    103    89
400    110    79
490    219    77
335    23    77
317    79    141
405    22    48
432    172    43
135    229    166
202    213    170
378    438    165
161    280    32
324    4    124
423    92    74
418    226    121
39    472    123
228    113    29
16    111    79
142    167    49
454    215    140
242    163    128
103    471    117
120    60    93
124    361    125
302    299    93
161    388    97
207    66    70
486    492    99
63    39    69
485    167    69
40    73    119
224    412    112
67    334    103
190    371    79
309    373    103
162    386    96
447    172    16
68    90    16
446    69    164
421    396    157
485    220    142
286    50    62
118    286    115
432    489    109
206    475    157
167    72    105
215    393    48
124    130    47
350    425    117
477    187    33
386    117    68
102    91    175
100    492    40
57    233    104
47    120    102
480    105    97
339    226    167
341    283    86
2    444    98
417    321    88
339    454    67
80    180    93
165    135    74
46    253    55
254    377    84
265    473    42
242    52    135
243    236    62
152    497    104
372    165    24
398    477    134
124    47    94
56    294    70
102    136    99
385    156    159
219    160    128
107    83    61
341    385    131
450    56    51
456    97    118
11    349    21
314    224    61
414    162    94
27    97    79
485    490    111
283    358    123
50    459    143
120    273    117
354    336    103
43    36    125
388    303    104
323    336    81
101    427    144
87    1    107
332    120    155
423    468    112
171    23    60
403    69    61
228    490    66
291    178    112
10    466    111
463    123    29
217    458    161
29    398    87
466    213    113
233    139    108
122    224    101
148    371    78
373    4    158
397    86    116
239    276    114
359    415    132
167    248    119
406    262    165
46    255    139
453    451    71
33    476    121
446    22    62
104    369    167
244    262    91
269    35    183
338    241    76
43    330    74
304    273    44
115    100    98
297    174    86
485    30    81
386    92    75
136    455    44
402    152    141
186    224    84
116    122    51
418    234    45
129    50    85
479    227    171
324    112    103
85    21    78
300    64    133
470    403    36
188    328    61
92    47    116
482    495    100
82    466    106
192    163    62
272    186    52
59    10    44
143    59    142
365    378    133
255    383    69
7    24    174
270    417    164
4    39    77
330    312    23
295    35    153
417    446    94
364    401    102
496    246    75
317    472    92
80    441    180
32    28    46
237    445    144
323    124    107
232    249    78
316    281    87
160    374    72
349    182    112
261    197    72
11    198    89
392    324    91
243    199    122
465    123    110
35    127    104
14    71    139
304    27    113
439    225    75
276    33    67
34    22    30
445    333    130
368    334    173
471    109    88
185    165    123
413    38    135
488    397    152
362    297    137
118    78    55
376    214    43
399    378    130
304    319    103
472    483    134
489    46    72
265    488    58
472    197    43
448    126    105
186    4    83
318    464    84
46    480    123
64    13    71
13    242    72
169    418    114
130    200    107
105    346    103
409    252    181
80    320    147
488    215    117
71    55    90
23    391    68
474    144    63
443    498    153
25    224    105
378    54    92
166    88    89
181    438    38
212    7    133
20    422    121
59    342    110
37    373    162
61    146    102
96    129    82
45    447    65
123    351    119
448    12    45
369    83    116
12    172    62
352    291    170
470    377    126
166    391    66
405    275    148
253    419    174
356    282    103
160    179    77
418    376    106
130    42    80
475    440    143
425    191    166
294    297    99
274    278    90
231    149    82
13    36    126
468    157    112
312    484    71
378    226    62
156    115    53
498    15    52
152    358    49
31    384    88
145    119    71
364    443    35
79    269    125
336    86    113
198    7    84
276    425    51
81    163    70
488    222    167
252    62    84
362    183    142
442    142    84
69    218    46
362    106    45
66    285    22
500    346    105
457    111    131
69    63    71
454    341    88
252    151    106
120    207    145
446    199    106
358    293    129
287    220    103
2    69    167
35    64    155
265    305    135
387    440    80
223    94    48
365    221    191
151    60    94
477    408    113
333    126    97
64    404    9
315    104    106
426    196    123
301    444    103
48    153    59
93    197    131
267    367    101
411    160    64
446    175    98
442    8    112
156    317    159
155    462    105
132    269    96
131    453    126
288    472    41
6    69    103
478    372    53
298    437    18
360    85    125
443    51    82
359    246    126
27    181    121
442    124    115
463    315    101
326    255    81
69    405    181
287    194    128
156    467    123
86    38    107
112    393    115
105    440    114
271    108    36
279    152    102
270    432    102
242    293    139
315    470    124
129    2    126
213    305    74
40    84    42
98    496    129
22    237    115
156    118    43
131    110    131
84    192    32
212    204    76
114    161    35
10    254    20
385    49    60
439    154    67
399    356    160
312    161    27
367    9    113
384    385    40
419    374    97
362    333    161
396    486    80
228    284    176
481    1    72
274    80    126
467    415    67
154    317    54
182    240    52
283    240    177
71    294    84
167    69    13
131    112    140
236    103    108
17    212    137
412    222    6
487    216    95
215    193    106
212    166    60
318    153    151
490    14    25
430    80    96
337    450    82
133    19    92
367    395    49
89    119    135
204    131    73
146    384    60
434    356    113
333    226    15
494    453    95
348    46    126
455    195    52
206    208    42
287    274    128
287    386    124
169    249    9
359    34    181
460    197    177
69    474    116
187    355    14
273    33    88
257    283    172
437    395    118
32    290    96
118    314    57
412    164    132
139    59    96
85    311    147
419    27    128
310    92    69
443    115    95
255    445    145
452    224    176
49    53    91
118    337    123
304    408    89
498    471    33
341    205    149
417    123    91
119    494    56
224    33    168
145    54    47
146    366    37
187    184    127
234    324    186
240    125    145
84    135    109
222    216    185
253    147    115
261    477    91
201    338    80
349    188    76
215    113    2
108    288    142
166    321    48
161    298    22
398    474    109
474    274    58
447    264    125
23    28    76
48    397    177
323    401    166
170    25    76
7    175    143
426    330    130
383    337    68
251    192    109
257    263    28
396    195    174
77    127    105
407    277    84
98    13    110
236    441    107
221    60    133
232    323    151
400    214    177
342    347    108
197    398    168
269    447    115
94    49    78
184    201    180
30    424    66
461    342    111
357    280    127
172    105    136
257    149    124
177    220    50
483    45    32
369    432    100
347    200    106
29    188    105
269    454    70
10    380    57
445    258    141
75    92    55
350    67    128
246    447    88
253    294    116
493    4    70
263    341    159
244    139    67
449    327    130
111    226    103
470    326    88
246    50    132
284    325    48
203    61    130
194    221    74
425    46    124
107    426    30
482    467    100
310    416    126
142    165    87
61    320    34
11    55    90
423    128    110
294    449    88
217    117    79
200    98    130
435    429    121
499    151    133
259    436    134
119    418    58
245    232    173
457    155    51
418    196    138
416    240    73
36    52    69
256    127    132
445    251    46
225    272    107
26    232    97
244    371    126
3    159    116
377    352    72
390    307    70
29    423    161
121    438    56
305    157    26
418    101    101
30    458    54
116    232    98
467    480    109
73    455    17
326    41    97
491    164    177
19    8    109
429    77    140
470    193    59
346    163    92
118    172    129
479    300    146
367    389    24
424    83    126
474    357    160
40    490    81
492    331    184
430    320    163
280    184    39
270    412    150
402    177    131
306    1    172
201    331    56
425    104    124
191    462    115
438    183    137
259    171    33
60    459    119
73    114    156
443    8    139
167    28    119
308    128    111
450    207    128
279    375    63
399    179    123
14    336    129
374    444    111
158    292    104
332    296    93
253    75    139
226    73    99
329    159    53
233    219    131
86    413    91
255    197    164
95    401    111
313    491    155
19    500    84
80    59    74
24    369    135
59    85    89
500 1000
302    299    93
183    111    13
436    465    150
391    360    148
438    118    40
217    183    43
380    134    2
71    294    84
470    107    67
446    199    106
301    444    103
160    245    130
167    28    119
354    336    103
403    69    61
242    6    117
154    280    86
253    92    144
399    205    104
56    480    51
400    110    79
115    146    85
85    311    147
112    180    124
127    448    108
104    461    88
82    466    106
368    146    73
446    257    152
138    283    93
152    358    49
315    205    77
276    33    67
257    263    28
7    24    174
48    160    125
73    7    169
406    262    165
336    380    101
321    478    52
228    284    176
82    16    120
378    438    165
15    123    34
315    116    118
145    214    54
69    405    181
394    15    51
61    320    34
485    220    142
445    258    141
484    308    124
457    155    51
447    172    16
40    490    81
262    471    81
396    195    174
396    486    80
243    199    122
310    92    69
304    408    89
342    347    108
336    86    113
232    249    78
46    253    55
336    429    56
42    8    61
254    377    84
367    389    24
166    321    48
23    413    136
469    43    92
94    197    156
401    158    127
156    467    123
100    38    98
77    127    105
276    425    51
253    419    174
29    188    105
284    494    64
338    115    52
39    472    123
453    333    116
130    200    107
269    454    70
267    367    101
338    355    113
294    449    88
129    2    126
50    14    118
19    8    109
291    178    112
177    220    50
287    194    128
344    235    82
388    213    108
167    248    119
160    374    72
48    397    177
121    438    56
47    120    102
378    81    176
9    314    86
217    117    79
242    52    135
333    308    112
400    214    177
433    130    88
105    440    114
359    415    132
423    128    110
462    13    152
11    55    90
463    200    39
242    293    139
218    134    103
485    30    81
445    282    97
172    405    80
123    351    119
479    300    146
444    91    134
240    171    106
328    439    157
120    207    145
275    130    118
475    440    143
450    207    128
287    81    111
41    56    70
474    357    160
323    124    107
326    41    97
51    388    78
494    453    95
416    285    43
29    265    103
118    78    55
429    221    12
373    4    158
493    124    95
312    484    71
143    410    64
270    412    150
86    38    107
171    23    60
362    106    45
342    470    65
274    80    126
181    227    136
397    86    116
218    92    73
358    293    129
423    468    112
387    440    80
203    61    130
374    444    111
29    423    161
36    259    95
383    337    68
9    328    12
279    375    63
257    283    172
261    477    91
151    344    81
4    25    80
119    418    58
358    226    87
283    240    177
80    320    147
446    175    98
17    35    136
496    246    75
156    118    43
412    222    6
158    292    104
35    64    155
224    33    168
417    336    92
186    152    63
336    148    84
156    115    53
55    318    92
330    450    89
6    153    84
252    151    106
308    128    111
42    216    152
445    37    191
318    206    34
459    479    84
195    380    114
246    290    83
417    446    94
19    500    84
399    179    123
59    342    110
443    115    95
24    369    135
393    111    148
138    385    84
395    355    66
32    426    61
450    56    51
252    147    18
107    426    30
107    83    61
69    63    71
59    10    44
367    256    57
498    15    52
98    496    129
417    123    91
240    413    69
118    314    57
140    348    160
126    305    122
480    105    97
442    8    112
198    7    84
80    441    180
491    164    177
49    262    55
245    232    173
31    385    116
23    28    76
445    489    165
148    371    78
269    440    175
406    42    78
398    474    109
163    246    58
219    160    128
170    340    76
349    188    76
297    358    117
213    305    74
82    482    91
175    427    80
356    282    103
10    51    172
147    155    136
23    391    68
209    294    86
351    278    73
175    463    90
175    103    89
454    205    102
272    186    52
411    221    97
41    451    82
297    1    33
131    112    140
368    334    173
103    471    117
444    159    51
370    239    21
398    362    85
121    33    38
370    432    50
472    483    134
239    276    114
294    345    78
75    215    57
49    53    91
255    315    89
69    9    66
376    254    93
169    418    114
73    175    141
240    291    84
1    54    34
416    240    73
253    147    115
31    384    88
469    215    81
452    224    176
207    203    127
246    447    88
165    444    167
275    454    104
252    62    84
428    314    55
294    352    36
463    123    29
312    161    27
25    224    105
339    395    171
145    388    19
146    384    60
492    331    184
265    305    135
250    92    111
166    391    66
377    352    72
242    163    128
288    472    41
353    176    144
40    73    119
155    462    105
255    383    69
384    339    70
369    432    100
33    381    80
382    488    26
54    77    89
139    145    102
36    52    69
249    195    55
185    230    43
402    152    141
161    280    32
160    179    77
493    4    70
50    459    143
348    46    126
11    198    89
454    341    88
184    201    180
490    219    77
345    75    26
287    386    124
485    490    111
185    78    189
468    475    132
399    356    160
407    277    84
270    417    164
488    391    77
172    105    136
352    4    135
364    401    102
243    250    82
25    391    119
132    369    65
363    297    104
17    393    78
365    378    133
107    66    108
116    232    98
42    81    44
298    437    18
121    264    101
341    283    86
287    274    128
500    346    105
443    51    82
297    174    86
327    157    155
17    131    142
218    181    123
52    142    84
197    398    168
22    500    56
85    21    78
470    403    36
251    296    168
269    381    131
97    106    157
14    71    139
466    213    113
84    375    81
261    197    72
195    403    66
194    221    74
287    303    135
304    319    103
71    55    90
30    458    54
238    47    94
330    312    23
105    346    103
470    75    89
467    480    109
230    117    56
323    401    166
420    13    139
242    17    46
260    448    49
449    327    130
25    281    150
96    129    82
13    242    72
136    455    44
131    453    126
329    159    53
417    321    88
108    288    142
181    438    38
477    408    113
242    328    111
416    329    103
309    273    32
445    333    130
229    454    124
315    470    124
378    226    62
256    127    132
150    188    97
392    324    91
408    84    82
8    447    70
17    212    137
362    297    137
169    249    9
399    378    130
74    284    147
405    275    148
164    474    94
405    178    84
60    323    126
300    64    133
189    486    95
403    111    34
287    220    103
187    355    14
89    119    135
49    199    57
197    276    85
377    393    54
190    500    123
405    22    48
143    59    142
320    291    134
363    388    55
422    209    90
190    46    66
233    219    131
57    233    104
119    494    56
256    338    128
351    226    121
332    296    93
445    251    46
192    163    62
424    83    126
397    45    120
8    343    88
474    482    17
80    50    173
241    34    76
239    171    39
247    214    156
451    16    122
218    298    88
402    77    26
402    177    131
223    94    48
402    381    152
479    227    171
83    242    93
316    281    87
337    450    82
304    220    87
228    490    66
143    264    88
256    225    40
118    286    115
1    421    96
465    456    165
400    185    80
419    374    97
433    492    137
124    47    94
151    60    94
185    165    123
11    349    21
80    180    93
296    152    10
411    160    64
395    3    59
141    361    92
378    54    92
237    445    144
29    398    87
498    425    114
253    75    139
360    251    187
102    91    175
349    182    112
403    35    182
201    338    80
499    151    133
34    218    104
304    27    113
203    220    148
251    192    109
124    404    106
446    22    62
174    3    119
253    29    112
120    273    117
474    274    58
444    179    23
376    173    106
339    226    167
224    412    112
236    441    107
187    184    127
253    294    116
151    227    42
454    215    140
14    400    119
330    98    133
429    77    140
118    172    129
482    34    169
143    184    75
369    83    116
84    135    109
367    9    113
101    99    157
109    342    40
388    303    104
188    481    167
173    345    24
283    358    123
443    8    139
128    192    131
201    331    56
210    322    119
102    386    39
431    309    168
333    458    135
130    42    80
244    371    126
486    492    99
247    130    40
70    120    181
46    480    123
430    71    68
434    161    70
186    4    83
292    261    67
381    432    72
345    469    60
366    277    99
477    187    33
294    297    99
198    19    90
357    78    89
169    319    75
212    166    60
10    380    57
332    120    155
14    336    129
442    124    115
32    290    96
24    185    80
16    111    79
439    225    75
62    389    138
69    474    116
418    101    101
364    443    35
6    69    103
20    422    121
87    1    107
425    191    166
212    204    76
124    385    142
259    171    33
376    357    127
61    146    102
496    276    67
157    58    104
161    379    106
381    465    100
212    120    102
44    373    164
161    388    97
296    157    53
383    60    74
296    252    66
488    215    117
229    288    161
53    440    83
367    395    49
284    325    48
86    413    91
483    180    85
287    33    101
122    224    101
278    185    54
418    234    45
186    365    165
35    127    104
207    66    70
69    218    46
233    396    147
67    334    103
33    476    121
54    61    129
250    287    112
446    69    164
15    137    108
170    10    94
419    27    128
292    188    75
201    149    82
357    280    127
132    269    96
415    343    131
398    477    134
467    415    67
317    79    141
139    180    49
284    149    122
7    175    143
490    14    25
341    385    131
492    50    91
381    465    50
75    154    102
409    252    181
456    97    118
465    123    110
179    156    114
390    248    104
234    324    186
474    21    111
236    103    108
107    15    154
439    154    67
425    46    124
487    216    95
39    98    179
113    287    84
385    156    159
76    475    33
182    240    52
200    98    130
472    197    43
295    35    153
10    466    111
101    334    65
326    255    81
333    126    97
475    293    113
414    162    94
265    473    42
304    395    32
346    180    26
170    25    76
315    286    86
60    459    119
104    369    167
102    136    99
405    142    106
85    173    82
186    224    84
145    54    47
434    123    95
326    74    85
332    254    104
37    373    162
448    405    97
215    113    2
236    317    157
188    328    61
120    22    134
131    110    131
415    439    98
471    109    88
81    163    70
184    421    26
418    226    121
225    272    107
201    219    96
359    34    181
406    500    90
365    221    191
447    264    125
413    142    122
116    122    51
10    254    20
246    50    132
442    142    84
234    116    64
145    119    71
413    38    135
170    154    106
467    173    41
438    183    137
314    224    61
98    13    110
338    241    76
142    165    87
346    306    157
27    181    121
88    94    86
129    50    85
139    59    96
371    465    111
310    416    126
167    72    105
2    69    167
2    493    94
335    23    77
426    196    123
488    222    167
274    278    90
61    29    123
323    336    81
474    144    63
43    330    74
214    326    40
66    285    22
124    169    85
217    458    161
359    246    126
73    97    67
241    278    116
120    60    93
101    427    144
2    444    98
157    230    142
13    176    126
158    415    129
289    483    48
261    360    149
429    90    136
203    460    156
233    139    108
121    219    71
364    116    147
482    495    100
212    279    60
287    228    146
418    376    106
324    4    124
191    462    115
423    92    74
231    149    82
244    139    67
333    226    15
157    468    145
237    112    103
467    118    68
3    159    116
205    288    41
269    447    115
106    333    120
385    49    60
344    372    62
222    216    185
2    268    11
318    153    151
232    323    151
26    232    97
432    172    43
182    426    18
257    433    119
45    447    65
55    267    170
362    183    142
425    104    124
412    164    132
386    117    68
80    59    74
361    88    94
115    100    98
129    366    131
320    100    101
123    299    136
324    112    103
455    195    52
209    154    79
48    153    59
443    400    126
64    13    71
75    92    55
43    36    125
112    311    137
263    456    113
118    376    125
283    61    116
194    269    126
273    33    88
334    5    83
483    45    32
372    165    24
27    97    79
211    453    138
118    18    127
405    80    100
166    368    96
259    436    134
347    200    106
204    131    73
457    438    32
430    80    96
215    193    106
135    229    166
207    298    139
167    480    121
226    73    99
265    488    58
59    85    89
236    87    85
118    337    123
468    157    112
167    69    13
434    356    113
279    152    102
346    163    92
498    471    33
165    407    122
33    354    58
351    330    32
376    78    103
244    262    91
486    24    54
449    174    66
386    92    75
453    451    71
215    393    48
73    114    156
168    63    154
124    130    47
159    339    88
366    495    83
33    394    191
182    500    94
226    311    31
418    196    138
306    108    60
376    162    54
124    361    125
95    401    111
33    441    92
12    172    62
94    49    78
468    271    100
313    491    155
41    272    124
461    342    111
112    393    115
210    361    120
224    289    97
350    425    117
56    294    70
286    50    62
384    385    40
271    108    36
68    90    16
318    265    184
154    317    54
341    205    149
212    7    133
45    274    50
162    386    96
341    276    83
318    464    84
146    366    37
326    3    107
263    341    159
362    333    161
360    85    125
323    117    52
432    489    109
37    13    60
65    71    119
463    315    101
445    430    143
142    167    49
161    298    22
269    35    183
315    104    106
243    236    62
436    290    129
32    28    46
133    491    126
221    60    133
389    350    39
305    157    26
486    345    129
488    397    152
390    307    70
73    455    17
457    111    131
262    172    74
448    12    45
22    237    115
126    7    97
2    170    75
430    320    163
270    432    102
34    22    30
284    498    57
119    316    154
240    163    49
475    211    156
329    266    46
92    47    116
201    403    52
421    396    157
114    161    35
399    163    138
245    25    86
55    333    79
405    118    121
120    335    97
426    303    37
443    498    153
362    131    47
305    109    127
437    395    118
315    297    56
198    292    37
46    255    139
111    226    103
489    46    72
255    445    145
164    200    111
84    192    32
381    4    52
64    404    9
202    213    170
352    291    170
206    475    157
91    470    142
350    67    128
490    327    178
230    127    44
89    141    149
435    429    121
464    325    138
4    39    77
228    113    29
478    372    53
156    317    159
206    208    42
381    281    72
127    284    121
100    492    40
339    454    67
400    86    55
376    214    43
317    472    92
108    307    126
481    1    72
354    387    87
460    488    101
470    193    59
198    411    106
91    376    91
44    354    88
44    113    57
152    497    104
165    337    42
487    288    6
306    1    172
371    60    84
332    404    134
485    167    69
462    342    88
377    27    106
239    393    121
470    326    88
293    148    109
280    184    39
255    197    164
209    115    90
403    247    151
448    126    105
426    330    130
428    460    113
416    444    56
214    438    26
93    197    131
481    401    104
284    124    130
309    373    103
460    197    177
40    84    42
253    290    72
166    88    89
447    251    86
126    69    41
30    424    66
79    269    125
470    377    126
20    489    58
446    441    190
183    40    45
482    467    100
165    135    74
63    39    69
29    342    108
304    273    44
205    110    38
415    425    118
257    149    124
190    371    79
198    430    80
133    19    92
351    361    161
240    125    145
