1
1000 3499
597    800    331
415    746    503
8    348    597
268    110    297
411    825    919
681    740    405
867    924    1048
155    575    1071
517    273    764
903    415    363
490    250    740
650    130    329
813    465    291
677    496    639
298    360    966
531    222    559
835    574    713
355    913    243
224    721    743
484    79    241
700    88    249
878    502    811
420    802    862
602    661    558
471    788    890
396    308    1043
379    33    673
881    902    126
669    957    211
260    329    923
894    155    277
992    860    288
616    510    232
397    645    673
922    292    134
228    235    1007
235    915    816
584    843    461
533    454    557
895    397    876
110    111    113
539    483    879
267    112    137
25    579    163
32    924    362
923    112    602
411    772    988
27    681    945
976    889    483
350    825    1093
300    655    483
857    714    127
218    770    1038
127    769    285
660    280    425
235    598    884
473    18    522
957    215    139
233    559    1010
635    763    676
792    592    383
97    301    832
291    976    421
856    832    752
944    88    210
695    47    1082
158    618    1006
394    673    441
34    712    469
471    266    1078
760    241    507
887    748    881
237    551    1085
746    402    131
535    543    136
409    849    288
126    618    283
892    928    528
869    524    461
541    510    379
358    130    1087
497    609    649
84    154    589
655    504    156
163    37    281
44    640    922
433    558    719
578    231    918
288    951    358
297    427    734
121    495    100
749    823    846
294    237    730
327    1    1029
770    539    378
694    108    231
12    528    619
827    312    401
252    762    501
463    825    563
461    253    584
671    818    118
648    14    203
798    793    514
769    668    482
352    952    967
37    445    678
727    272    785
380    191    652
357    182    847
218    523    115
542    851    694
39    365    732
999    853    679
93    25    490
15    484    837
409    510    522
967    226    435
841    453    347
199    441    599
88    819    809
574    850    298
911    253    760
991    179    426
47    249    971
184    474    651
376    200    1094
940    42    295
778    356    465
470    724    253
898    292    195
610    323    820
434    688    794
238    272    907
426    582    698
454    710    509
152    447    1028
15    989    652
199    840    272
176    85    784
649    702    967
149    208    634
626    428    134
398    822    590
675    904    631
85    948    377
493    5    961
281    915    991
110    488    185
252    973    441
562    465    625
185    396    486
955    18    685
106    199    1002
624    266    857
989    340    603
590    814    720
887    939    483
970    657    463
526    150    669
251    292    528
375    648    630
97    385    993
181    13    583
94    933    1006
951    432    153
332    659    454
526    744    483
12    483    1090
89    806    805
907    637    933
48    59    123
174    180    1023
567    225    770
821    823    105
629    44    277
191    301    617
321    128    929
905    790    109
359    602    861
329    649    529
144    747    947
52    852    673
944    117    531
391    588    373
765    664    634
295    86    221
612    183    584
712    890    384
550    16    329
942    775    469
52    344    217
272    80    114
294    522    1094
673    283    160
80    55    929
801    895    627
883    677    863
150    868    1003
832    556    290
367    70    841
394    356    695
102    215    1076
289    535    665
425    576    311
440    4    388
108    834    788
177    307    521
147    119    1041
962    397    661
249    541    734
969    324    850
588    763    125
124    140    621
813    685    955
1000    456    281
431    524    384
743    621    657
542    764    552
750    534    133
345    421    362
5    947    175
495    743    979
987    605    197
748    715    151
137    582    485
670    744    153
305    48    531
63    192    861
982    73    1033
488    423    256
222    210    182
620    588    187
117    183    568
157    948    672
893    490    1082
998    965    669
554    458    619
772    216    918
144    92    962
745    210    181
571    256    391
853    135    399
971    182    533
390    446    978
281    628    212
695    317    1094
198    24    950
851    536    107
213    186    538
551    470    451
713    645    299
983    310    298
980    302    243
51    891    1086
613    468    323
691    551    213
340    222    833
536    784    782
113    898    142
648    654    342
818    838    1076
645    32    587
70    955    1001
922    825    801
729    22    334
782    896    1035
460    676    141
973    800    744
807    966    790
706    812    736
338    702    264
447    642    185
167    516    810
363    508    973
334    343    788
169    658    357
279    264    772
287    402    343
285    512    1023
978    206    229
414    266    827
949    557    841
690    400    570
735    40    895
248    168    190
979    618    204
895    363    714
930    268    258
702    482    645
87    392    437
560    959    490
419    819    1025
368    978    916
146    551    800
430    897    331
463    911    938
146    684    469
238    764    669
524    604    881
723    408    153
820    97    303
495    737    1021
558    632    641
821    933    900
490    560    333
537    372    110
925    609    777
606    682    689
962    111    286
634    875    1079
256    593    425
816    765    347
345    454    906
805    772    981
880    625    394
186    227    103
845    607    285
301    195    987
276    764    403
679    406    572
910    985    210
465    306    739
952    959    869
161    226    784
324    876    168
84    541    274
169    842    852
119    236    663
797    782    443
190    441    826
36    313    892
179    928    678
374    706    1023
678    593    349
927    281    1040
660    684    667
600    163    319
478    418    782
43    859    521
896    492    481
541    974    984
966    420    398
333    806    735
420    5    100
667    995    105
478    96    367
519    360    818
948    344    769
442    973    827
396    853    815
903    713    560
270    585    292
736    413    724
213    23    351
114    850    134
418    301    736
366    740    944
660    101    817
562    391    795
436    40    1028
802    546    679
198    330    523
62    100    135
95    13    217
588    984    436
18    989    729
572    268    271
574    763    136
824    158    310
161    99    736
929    714    389
852    449    238
27    271    542
400    113    440
214    853    314
70    690    748
768    346    758
274    944    459
89    703    315
707    815    310
933    337    417
467    58    433
617    621    708
12    131    177
882    428    743
380    457    942
992    584    381
95    943    532
119    20    699
169    970    617
96    926    425
153    278    500
921    289    645
671    839    1005
242    910    348
440    547    984
221    582    657
523    768    434
211    700    643
468    715    985
337    459    584
665    148    637
562    697    903
948    798    1006
126    309    137
438    280    916
497    592    831
367    676    731
181    490    659
584    986    1050
220    291    797
4    901    796
464    809    495
854    834    487
271    988    624
990    744    324
737    443    622
914    566    627
547    485    226
48    511    291
65    962    484
768    734    606
241    965    538
888    392    345
782    951    301
97    306    625
108    491    603
715    622    1057
730    867    649
755    455    956
66    503    194
761    949    127
820    716    779
647    832    847
492    81    467
264    172    526
511    833    963
346    334    104
452    796    598
320    99    904
741    596    879
761    325    191
979    626    367
765    641    1039
965    810    907
727    417    1053
705    686    573
547    160    678
446    372    269
432    571    346
746    538    455
867    524    1075
796    699    1055
483    879    171
77    630    911
218    880    298
535    357    866
82    437    872
877    121    185
778    895    934
550    727    350
885    908    785
927    202    1023
258    148    274
599    552    1036
216    764    673
823    268    141
386    232    556
881    355    821
23    155    814
480    780    587
461    226    799
581    77    400
438    809    730
980    981    918
35    228    441
310    696    1025
744    992    672
343    101    361
762    238    386
239    263    473
359    331    410
260    291    1012
521    396    614
659    848    1089
430    952    636
436    166    523
189    154    1098
410    694    200
181    889    309
493    395    160
771    567    194
116    819    865
572    729    453
31    588    497
697    93    880
856    577    990
41    968    1062
212    428    250
473    17    715
821    491    614
899    615    670
132    450    536
840    506    306
204    597    305
97    478    669
237    64    403
6    930    991
781    835    506
138    131    398
128    372    937
666    510    119
474    953    422
394    961    752
510    405    767
747    742    876
965    743    785
421    382    570
666    942    291
453    446    1078
214    128    961
16    454    200
824    838    636
434    896    707
376    462    199
281    97    1015
19    904    864
483    37    452
81    439    409
598    594    591
228    208    954
680    770    152
197    221    217
449    756    544
744    596    987
516    943    473
221    653    805
661    774    389
2    378    826
653    670    707
443    618    783
976    783    572
538    742    164
75    453    1089
326    764    965
704    284    722
553    120    149
915    132    479
344    300    910
558    641    959
638    538    622
923    721    349
356    530    326
744    440    788
140    903    791
259    364    678
193    533    658
268    89    224
355    586    412
215    144    209
41    808    1075
360    881    798
430    713    637
434    237    398
147    309    508
221    459    970
429    738    1036
147    558    762
712    98    266
543    209    222
777    67    847
994    111    247
944    782    577
466    875    470
107    555    930
552    544    584
856    324    191
827    882    590
506    825    515
432    109    113
126    334    1032
675    30    548
57    674    198
818    922    774
621    447    476
152    870    667
681    145    439
896    540    102
554    388    735
258    723    1006
735    922    836
499    794    791
38    886    985
637    517    366
314    904    495
714    744    1096
745    215    770
665    117    276
668    241    126
259    408    1033
258    396    998
377    749    574
726    821    536
922    927    617
116    384    230
560    886    771
266    202    605
916    610    1089
650    724    1069
543    399    436
123    913    933
953    969    1011
532    802    999
465    336    167
711    324    469
952    43    269
287    45    887
505    426    146
570    928    1050
796    201    1059
732    107    243
645    203    1083
890    796    992
861    15    431
217    116    1045
43    104    811
113    799    1000
777    276    517
313    497    276
710    87    341
690    167    512
408    277    208
501    20    270
832    351    1013
497    628    714
93    830    442
191    475    613
438    847    337
738    301    805
124    288    806
714    582    108
580    305    369
878    833    697
866    542    193
60    913    980
863    93    680
625    836    454
435    617    368
259    415    1092
547    538    142
206    493    865
544    212    526
192    33    251
837    241    149
222    706    960
622    228    850
128    287    845
658    393    362
633    774    572
162    715    700
870    717    380
173    555    885
295    59    679
823    800    254
117    112    959
754    121    384
941    601    823
316    251    633
164    994    942
592    664    600
847    282    693
719    67    853
998    219    913
469    656    206
356    40    567
760    56    345
2    406    177
295    324    639
265    422    158
559    312    206
585    972    663
525    747    952
165    609    480
463    63    1086
317    476    789
617    381    623
725    595    1040
949    117    104
139    167    400
331    530    206
105    770    715
730    243    691
488    283    1097
66    536    750
155    213    749
741    347    1052
264    350    133
452    189    113
178    358    1029
376    280    936
568    974    166
680    547    495
250    547    805
494    290    226
929    836    927
737    769    380
935    59    983
435    716    443
53    847    223
609    372    157
728    752    165
683    4    385
153    569    183
907    581    595
780    714    640
88    934    804
810    943    345
743    319    1044
462    369    311
204    616    576
644    758    960
187    780    891
397    851    347
773    833    738
450    253    593
762    707    909
116    499    635
989    430    840
172    847    717
493    636    753
878    872    993
797    581    288
628    580    392
140    347    892
157    998    931
710    112    409
611    97    212
580    358    540
757    753    492
568    175    449
592    893    278
237    990    463
788    604    678
42    718    426
274    736    416
922    648    833
932    494    916
961    123    876
477    904    286
429    86    732
35    807    940
762    687    124
334    27    944
629    955    993
746    966    821
493    927    400
932    342    516
10    979    956
159    63    135
547    797    202
114    473    919
452    949    464
192    359    332
968    146    151
118    942    345
383    146    478
754    165    595
768    363    439
294    874    787
954    552    821
381    728    249
11    770    539
816    803    1093
764    205    683
382    766    563
490    214    646
78    1    163
597    700    452
311    983    322
111    907    395
484    244    1027
766    49    472
519    812    549
760    999    684
276    587    670
239    397    123
171    649    688
375    77    758
82    965    301
376    946    122
995    723    629
562    332    126
864    421    294
603    157    505
78    773    943
42    729    470
810    344    864
140    441    877
509    214    988
694    53    210
886    263    918
601    113    559
599    696    1019
235    67    170
284    997    1084
283    284    903
254    137    373
63    105    225
54    423    782
256    730    199
733    27    982
143    71    1001
561    524    148
198    413    473
232    973    479
60    900    753
745    900    843
59    590    754
17    30    825
842    369    289
364    62    411
819    384    1094
283    350    581
164    884    893
111    270    859
660    871    842
441    950    402
883    550    836
811    718    792
954    746    721
199    623    367
312    73    162
10    574    962
341    607    296
45    487    324
372    596    862
345    741    890
241    980    529
803    97    729
144    570    241
677    282    890
368    693    328
808    477    383
569    80    165
213    567    1004
404    796    302
469    833    886
624    459    220
84    508    914
739    232    670
209    896    376
432    188    148
554    370    526
298    489    1079
249    818    793
199    617    368
636    176    255
787    7    997
151    320    284
158    240    615
46    766    613
964    925    348
56    986    582
30    438    335
98    76    376
604    876    834
819    391    509
410    758    448
8    910    614
705    809    793
953    715    239
770    43    202
532    353    782
593    851    796
169    958    755
899    147    496
146    601    642
510    775    168
653    511    485
623    986    384
451    270    359
714    146    701
685    993    905
693    746    463
636    592    1027
777    223    724
109    945    585
531    262    201
613    333    554
333    715    1095
306    771    921
556    37    910
715    858    177
699    976    432
477    103    964
57    178    318
519    167    806
784    703    547
552    698    270
104    201    864
317    898    423
68    539    643
692    965    899
203    889    845
403    29    977
46    385    774
454    573    586
894    634    975
751    824    323
296    571    198
228    668    472
182    581    955
411    889    845
748    304    974
765    574    594
769    287    245
606    696    553
518    519    271
858    193    852
875    405    584
765    428    536
522    968    987
948    395    273
485    152    1039
921    773    1066
738    691    940
300    402    243
432    291    399
490    447    773
42    988    137
229    964    151
413    687    608
441    844    839
581    392    997
611    147    810
811    199    598
726    303    981
844    734    832
282    663    949
957    407    325
661    859    652
487    798    369
714    330    945
789    529    222
969    782    969
157    873    343
339    834    1088
732    664    630
116    802    325
160    275    595
912    427    873
860    228    804
96    556    260
327    608    364
728    872    121
617    861    889
679    722    1023
541    236    112
360    776    413
68    177    692
677    909    993
887    578    784
411    879    772
105    320    648
630    225    906
429    37    985
335    601    1057
871    480    332
964    624    131
143    437    964
447    383    554
267    737    981
542    802    427
329    655    210
227    954    381
756    718    313
496    337    585
814    467    450
795    153    861
996    914    249
175    194    928
895    468    724
965    506    719
35    27    117
67    362    185
126    154    450
693    507    534
945    997    716
932    921    536
810    593    183
292    263    183
346    5    367
254    846    795
654    386    133
633    298    581
28    263    243
374    467    1082
215    243    446
909    798    329
559    695    913
914    480    484
484    901    526
372    834    394
99    415    732
398    290    301
878    806    840
231    27    251
106    806    347
827    841    250
612    559    1025
381    904    320
136    849    324
60    179    933
418    225    1052
183    618    819
350    780    609
118    908    556
111    876    883
831    89    608
584    686    613
30    718    486
348    621    370
262    622    601
29    478    861
33    580    163
897    832    354
85    281    1051
938    180    385
450    182    771
423    547    1055
664    611    894
703    179    239
958    743    402
280    644    367
831    203    611
858    678    777
633    800    108
486    225    393
24    718    450
891    554    935
449    166    1060
312    619    399
574    912    1081
737    883    529
35    954    140
604    678    683
134    618    321
192    611    1013
232    420    858
448    386    406
413    369    642
928    994    547
800    438    543
682    860    803
332    372    858
763    394    1063
978    144    593
40    799    1029
776    623    503
564    252    150
763    175    1001
810    887    122
9    985    586
537    841    1062
851    268    510
610    668    1098
543    790    179
421    438    595
497    755    631
792    524    826
313    384    756
203    803    897
841    65    894
678    766    144
176    869    672
190    886    796
358    252    626
680    597    760
916    714    897
145    124    240
287    894    961
957    888    866
265    97    431
807    449    814
784    641    1094
800    31    506
982    490    230
584    448    805
796    727    844
281    524    788
475    789    978
364    657    518
200    63    871
370    973    408
194    526    328
960    134    299
714    25    253
176    795    345
867    565    339
888    635    768
967    136    112
637    151    668
233    720    681
349    697    166
369    158    863
411    368    1074
310    941    686
933    608    941
685    44    496
431    847    809
911    863    240
442    609    204
911    544    893
430    167    286
953    413    858
85    930    386
730    49    495
40    800    976
921    352    242
94    644    1047
517    769    509
767    157    606
46    198    1053
704    994    298
377    495    248
770    813    1050
434    519    208
104    673    536
242    285    174
37    215    343
687    384    821
154    434    188
233    407    359
100    677    264
940    303    995
801    62    577
26    404    650
276    799    396
917    876    554
352    438    647
593    613    963
552    838    568
859    591    1017
726    239    1079
632    888    403
384    610    516
774    589    1087
856    517    242
364    325    868
734    72    290
666    664    736
21    240    1031
869    763    1023
762    63    100
802    903    905
623    46    450
742    145    407
224    207    713
309    528    624
705    969    1023
393    806    961
950    228    751
53    677    335
796    509    1094
461    21    800
13    143    572
86    906    235
650    858    252
131    166    925
436    435    237
2    881    188
491    281    832
116    459    739
427    392    447
374    384    743
662    59    589
999    970    460
433    809    395
990    195    722
110    474    197
615    870    393
260    288    108
504    627    275
543    629    357
389    126    661
924    20    661
403    284    348
895    934    883
341    902    597
428    355    1083
67    354    381
792    960    148
728    956    532
682    638    121
916    760    918
346    62    285
339    193    779
477    14    944
654    602    280
528    590    184
443    860    201
615    967    243
458    216    197
624    842    531
647    412    528
959    353    165
196    581    597
984    313    963
952    30    1046
239    220    594
632    699    415
998    190    761
343    598    737
510    26    572
671    251    631
486    756    552
713    849    894
965    579    837
847    477    546
817    732    142
604    531    474
771    871    453
766    164    1066
159    984    902
629    788    857
108    805    277
807    832    994
320    137    783
75    179    664
1    404    638
402    446    432
867    957    814
928    241    372
465    515    927
749    18    361
284    51    146
71    980    672
37    143    588
209    703    567
821    194    1018
59    828    512
598    114    1065
363    779    552
323    294    419
671    968    963
515    806    756
249    285    510
109    729    368
531    188    836
374    599    307
318    904    191
597    684    718
430    979    197
905    534    153
219    807    578
693    446    1050
425    347    914
903    96    565
921    173    659
379    969    297
204    185    1070
586    635    1037
533    384    1037
743    238    975
855    764    937
278    926    805
82    300    236
86    292    977
381    270    768
461    277    423
153    258    1066
657    787    672
970    106    806
987    457    651
688    220    751
375    788    107
456    131    755
740    275    883
295    456    875
581    217    1084
617    79    932
896    158    320
463    231    279
162    938    338
272    567    424
415    265    545
814    134    225
362    11    1010
344    295    679
984    274    164
668    980    183
471    40    146
730    627    1037
863    948    684
585    604    213
989    986    207
857    695    422
85    242    229
128    792    788
32    536    498
723    195    568
281    766    959
738    434    602
435    239    882
350    181    146
14    59    450
642    155    308
988    188    298
626    133    976
310    550    295
517    578    989
495    854    1002
980    868    553
788    739    259
246    273    625
375    218    796
175    35    472
288    341    781
566    165    455
996    72    697
420    576    408
750    859    867
347    554    334
670    621    885
208    956    438
514    675    690
688    530    146
563    592    454
684    143    172
966    433    691
312    831    833
99    425    482
908    698    524
756    504    275
874    452    434
282    143    269
581    986    1081
490    571    799
867    355    1009
140    632    836
502    176    976
953    56    475
178    578    884
50    192    853
612    878    376
779    934    675
782    440    673
287    9    917
430    692    692
402    409    735
241    815    653
603    53    723
852    541    1061
384    9    682
530    64    832
453    745    500
5    91    214
455    681    731
898    31    856
419    379    475
65    507    1030
10    184    261
991    282    448
502    802    710
742    452    202
770    137    521
123    728    163
857    204    581
293    802    465
939    882    798
106    446    552
808    788    226
671    853    325
713    560    248
139    276    702
274    653    409
32    850    694
602    967    567
883    756    397
665    961    852
623    645    999
538    932    153
403    527    698
517    321    720
463    926    382
23    418    775
196    500    215
522    295    132
230    18    513
639    537    425
329    576    791
588    659    686
399    960    400
270    902    867
105    893    915
856    996    839
835    803    974
354    442    100
199    602    174
691    226    800
402    213    778
639    724    550
685    231    623
356    19    510
938    372    605
120    582    237
856    978    412
227    719    312
633    377    128
695    79    119
134    269    202
543    98    1070
749    495    998
313    884    1015
833    383    746
787    44    417
187    690    589
71    291    1057
156    190    322
872    614    555
26    270    478
226    122    642
662    434    688
129    34    1036
611    679    319
104    63    757
322    767    822
472    730    656
597    937    227
375    950    870
480    933    671
267    394    762
837    358    1021
415    292    1051
886    772    752
375    203    420
751    625    307
933    13    905
158    594    521
372    924    995
510    992    1044
803    827    824
835    13    209
450    878    169
925    727    505
199    363    728
649    157    539
954    63    1048
31    385    245
274    539    912
559    425    896
169    31    942
133    113    379
310    21    862
261    488    493
816    990    904
17    509    517
763    325    600
69    404    903
550    328    810
336    5    709
190    358    809
602    182    501
794    237    1081
461    197    849
380    13    699
140    999    397
143    352    1018
495    931    839
867    308    480
251    750    871
208    401    876
232    865    294
784    898    697
478    451    198
852    466    360
676    877    351
582    703    824
11    363    343
80    917    256
194    206    178
920    629    815
998    524    416
872    557    279
818    635    340
61    508    522
681    790    802
96    832    201
948    231    443
507    467    176
513    435    215
645    327    772
931    891    844
711    509    219
956    465    393
964    230    651
898    536    165
979    678    325
319    154    509
465    645    161
789    138    886
582    719    274
843    156    418
673    453    995
662    936    912
711    260    151
973    324    119
475    948    337
31    947    783
835    13    365
723    656    546
564    81    199
155    918    1031
966    350    951
394    179    958
679    143    366
140    569    260
877    128    577
168    40    1070
434    780    414
332    805    362
812    594    552
859    94    401
67    499    313
997    735    913
538    116    366
968    460    402
587    383    668
649    874    956
49    591    101
725    35    521
909    868    647
471    115    812
19    87    537
920    77    1025
266    413    120
694    362    649
353    121    225
414    110    908
399    840    196
51    971    966
999    306    160
946    759    167
511    92    800
807    721    489
29    126    681
580    383    689
194    732    581
744    348    665
698    520    771
247    249    1090
714    571    811
201    726    990
589    698    315
61    225    481
300    899    130
515    825    747
151    181    452
937    454    779
788    635    467
398    976    145
124    641    497
405    811    110
758    500    554
674    456    190
553    392    443
573    946    1006
100    380    1099
583    872    670
182    847    679
582    789    746
219    502    682
59    440    920
462    88    785
371    263    628
751    270    867
944    639    932
273    367    237
858    497    211
789    932    394
633    980    137
595    291    709
839    399    719
695    831    402
664    228    785
814    813    440
678    26    911
600    841    124
50    89    149
493    496    561
167    458    813
646    940    1019
638    931    709
328    470    856
840    274    493
650    600    191
701    210    990
37    506    498
318    304    355
425    336    379
936    407    275
50    175    623
305    547    1095
494    980    684
138    772    827
50    468    953
965    743    246
46    897    804
458    948    389
412    953    843
950    143    763
949    271    627
390    332    121
531    182    410
864    307    625
674    210    186
339    328    882
623    387    188
218    729    749
172    998    105
247    949    390
868    535    979
25    576    387
967    111    404
998    549    119
50    766    623
697    358    915
75    950    252
394    89    221
311    887    393
936    363    539
585    444    422
588    953    266
987    48    451
273    369    1063
297    652    251
119    43    268
490    988    108
948    811    855
261    517    207
536    285    446
469    117    820
162    122    667
85    384    829
429    906    781
455    726    913
291    384    594
498    961    883
92    998    711
412    751    144
628    95    882
962    888    539
484    493    165
102    696    109
975    48    418
795    150    818
186    870    685
22    408    919
636    915    1052
857    606    996
558    73    1000
788    86    881
750    74    775
559    212    280
81    916    319
899    958    673
711    819    957
227    56    500
388    764    1055
839    428    560
433    300    695
534    795    152
819    898    608
901    993    296
116    684    563
902    737    407
153    191    483
531    955    495
463    512    285
416    455    923
804    916    392
858    788    839
444    370    262
676    50    757
321    30    445
976    40    470
412    264    1041
804    762    560
472    299    662
197    529    912
782    922    726
57    620    399
4    151    413
830    415    760
878    235    431
450    265    1094
356    474    846
471    346    766
880    812    435
556    488    827
114    660    990
758    565    120
430    55    369
9    442    913
512    303    203
561    377    346
604    435    411
477    192    401
682    772    291
622    164    383
794    672    459
538    795    309
72    568    396
960    249    411
831    493    277
270    945    1052
322    151    937
556    552    412
121    452    915
911    634    502
633    544    628
771    495    799
101    853    364
76    730    729
522    287    666
498    945    754
387    952    181
597    28    677
146    612    371
880    789    871
347    528    961
808    528    896
216    600    500
152    44    653
615    65    787
672    990    718
693    134    291
468    452    300
447    192    846
575    829    177
283    538    760
325    357    522
852    159    681
230    292    617
684    914    895
309    264    932
935    572    497
782    837    742
534    418    286
909    662    594
421    379    501
492    875    575
178    72    499
641    502    693
964    504    1050
867    114    468
49    253    694
722    515    363
372    409    177
1    205    577
745    958    332
760    143    692
5    726    374
198    206    803
199    802    616
514    983    197
428    549    364
75    465    738
381    72    765
378    400    1069
814    716    895
669    903    1045
715    615    700
565    410    998
606    662    713
284    158    126
380    227    898
354    662    860
474    299    755
214    774    399
760    784    145
954    875    1012
343    985    403
856    171    292
429    629    841
137    671    253
164    57    589
325    636    305
735    334    538
972    343    391
267    261    1050
175    973    310
538    884    410
495    709    789
558    75    120
76    303    550
93    646    203
704    364    443
27    335    205
777    462    320
871    905    903
590    105    164
990    607    710
274    973    224
909    631    488
674    438    520
118    569    477
891    609    416
318    888    101
792    350    637
640    684    916
630    280    330
317    40    272
143    676    101
149    724    575
50    765    505
825    966    714
311    342    1012
154    602    668
249    48    541
149    384    247
900    785    792
398    354    939
859    388    614
50    467    267
381    223    541
487    430    304
21    564    116
833    739    879
809    291    110
192    255    285
88    372    133
975    582    121
989    264    691
338    357    254
948    225    713
922    240    229
33    405    366
53    988    1023
718    341    1051
429    802    632
375    111    385
429    110    329
573    839    1067
886    540    350
313    649    1048
871    79    746
438    771    162
23    512    946
384    909    961
529    563    575
610    700    778
916    557    356
985    396    1010
747    232    106
216    497    592
975    350    113
496    369    988
950    768    306
180    268    550
574    229    375
794    384    767
349    108    217
142    136    702
402    853    511
354    117    523
754    596    1096
744    892    359
880    595    923
343    651    151
456    798    863
606    31    900
251    1000    120
586    2    179
818    202    781
192    770    899
592    491    1075
190    354    247
722    858    1091
912    438    219
174    455    795
395    301    1087
393    60    593
724    385    761
344    608    1049
799    905    614
281    948    996
72    948    919
96    910    1021
170    406    1048
850    117    352
212    674    1097
315    596    487
689    838    285
36    535    261
318    639    633
28    714    819
679    19    972
760    455    955
768    764    453
382    656    1063
477    903    590
997    838    286
738    808    595
865    212    572
165    653    306
739    236    530
542    867    277
528    558    912
645    533    997
556    593    242
382    530    901
812    840    741
367    901    461
946    89    927
159    730    794
127    148    731
320    600    539
97    122    394
286    307    138
668    27    1027
77    499    941
268    154    1070
970    344    681
92    29    852
88    160    747
149    104    1033
991    582    120
186    769    1044
126    753    841
422    145    694
816    873    767
304    117    200
820    361    120
238    727    299
303    863    259
368    614    628
763    904    765
556    808    528
265    551    615
373    228    663
413    935    950
190    417    737
943    677    817
56    668    612
490    924    627
572    394    449
459    361    182
412    151    709
385    114    760
343    682    482
910    119    273
157    312    219
601    556    993
706    371    544
19    997    845
640    863    814
741    435    818
751    263    159
642    171    860
483    812    147
51    569    240
130    462    1051
655    39    672
102    687    817
566    816    1052
396    699    169
516    904    916
365    315    900
264    400    50
631    942    254
309    688    689
121    915    774
831    366    249
704    174    1076
145    984    953
251    533    536
292    868    347
638    729    115
934    451    993
454    221    800
655    321    281
27    364    1005
295    357    120
340    997    940
897    792    747
106    657    839
881    391    532
691    642    997
107    744    940
783    526    437
437    720    158
106    19    1080
429    279    230
99    230    557
79    911    126
399    951    293
387    811    196
103    630    745
61    226    296
219    732    783
104    980    1021
623    449    309
325    477    1013
738    534    649
239    392    113
797    536    142
462    929    733
153    279    348
638    977    841
825    778    406
509    433    789
411    283    314
652    40    223
772    58    302
243    151    434
824    991    792
348    134    699
485    128    482
772    164    1036
814    84    454
390    747    209
428    693    133
775    5    104
783    604    1089
492    237    884
378    147    317
317    593    288
366    774    665
786    933    112
266    925    306
840    793    991
979    787    746
105    911    440
11    374    480
661    147    1025
316    503    278
827    417    225
500    574    846
533    495    356
964    594    653
986    328    866
874    925    889
609    204    1077
87    482    299
733    991    441
820    277    153
78    45    1016
298    711    481
549    605    880
319    753    104
850    544    271
336    331    262
173    826    659
815    407    724
215    994    855
849    482    801
385    599    393
222    669    700
240    571    476
619    845    1014
27    737    780
734    481    843
201    782    784
130    526    445
355    828    229
607    672    226
490    426    580
340    967    841
457    380    287
488    835    309
334    265    430
136    825    639
191    706    406
789    622    503
869    104    546
679    66    414
835    7    524
780    982    634
371    970    620
882    919    727
510    535    214
929    324    1028
427    905    979
27    125    434
615    517    1050
817    880    1060
524    407    948
469    35    851
638    576    179
944    61    530
869    818    723
756    463    752
727    108    897
600    156    537
232    100    617
69    888    312
706    840    983
628    262    658
466    328    614
996    44    446
804    397    229
240    827    1058
752    232    475
5    740    622
5    146    241
957    638    916
69    20    136
44    723    1030
213    131    577
673    219    205
327    399    157
553    655    816
380    839    855
193    405    298
783    629    596
954    824    161
336    619    675
68    19    962
516    537    183
346    748    487
422    740    791
215    543    1020
626    706    896
81    927    722
257    516    351
379    528    880
943    106    765
649    18    161
62    738    466
528    183    1083
828    991    556
189    607    583
264    265    945
74    567    337
854    528    215
86    910    719
347    881    806
518    697    190
550    13    877
365    918    1065
885    205    860
179    225    929
176    164    985
216    274    846
621    103    701
407    393    158
822    300    185
791    940    492
355    18    725
760    90    401
355    520    358
789    800    290
111    441    827
727    140    114
837    405    110
580    274    157
425    457    409
327    469    559
30    134    984
428    367    804
279    193    684
563    693    274
866    960    1034
590    832    1043
457    704    982
857    947    802
811    630    105
214    77    835
438    377    560
900    678    964
438    535    966
952    95    596
629    409    221
369    935    686
104    248    121
863    348    461
588    549    895
535    682    448
894    707    430
76    718    569
354    598    480
128    856    926
287    890    798
47    3    898
418    876    760
507    137    930
472    849    170
931    193    394
76    769    738
991    658    1084
872    392    145
607    668    955
296    24    946
466    346    1020
935    208    787
579    373    423
589    978    786
805    726    1071
906    583    424
85    551    705
284    758    406
323    127    1027
81    565    666
677    835    486
442    993    699
25    696    466
265    987    441
605    999    172
788    106    770
538    701    972
201    630    1019
188    621    742
91    500    945
80    112    584
253    4    591
921    453    662
820    277    500
293    712    649
910    164    121
522    680    595
704    816    416
743    499    494
674    544    1018
805    891    884
795    790    783
112    101    343
606    208    633
242    226    354
584    957    612
617    738    160
894    539    776
561    562    780
18    444    183
455    984    657
524    319    465
352    561    138
109    252    628
944    703    320
978    564    369
567    376    326
468    474    1050
262    436    849
804    706    491
608    133    518
753    769    706
291    567    132
966    276    374
122    703    962
579    997    504
118    571    826
760    15    898
563    59    568
664    633    196
326    354    964
632    938    361
416    772    405
143    984    457
147    574    904
141    885    932
513    915    498
812    93    986
857    214    895
390    778    695
682    686    883
151    619    886
845    209    814
279    875    592
161    830    748
569    841    316
350    170    377
579    655    119
147    114    626
700    769    138
128    362    116
760    622    297
488    874    908
160    137    172
12    930    1096
480    68    801
642    2    609
207    308    702
806    861    358
838    262    251
97    838    774
741    497    911
175    725    218
744    715    811
309    966    485
79    988    291
801    929    823
168    43    972
393    375    238
979    688    253
692    643    1032
228    919    282
946    803    673
804    60    217
123    353    244
484    924    276
722    833    732
226    387    258
239    523    232
232    740    846
288    70    771
284    458    277
906    500    728
16    99    584
116    384    362
154    508    1049
718    7    1054
296    848    302
258    734    793
909    14    313
547    36    745
954    847    142
397    566    546
247    913    823
964    51    913
710    783    1077
475    809    447
380    287    386
584    904    141
150    493    727
608    711    104
393    472    324
732    549    237
374    495    246
287    902    439
435    269    274
98    206    666
232    454    371
584    912    580
467    478    537
184    595    629
448    783    957
648    3    112
687    99    477
286    151    399
284    295    428
247    161    103
518    359    739
853    834    188
706    854    1049
182    791    313
149    961    616
896    681    743
260    679    198
405    863    625
743    554    520
985    677    972
66    107    333
124    111    777
218    341    253
353    896    848
384    206    688
24    877    586
418    170    812
745    101    385
181    173    988
153    306    486
479    576    823
105    198    1032
650    386    678
739    193    545
29    556    794
851    508    506
278    462    970
998    190    397
833    770    592
417    860    249
630    400    525
249    524    257
563    555    107
766    960    638
789    909    1046
586    800    468
107    581    468
495    12    610
451    717    122
27    451    821
789    169    485
98    46    856
751    56    423
727    983    898
354    471    199
677    904    707
666    415    761
902    853    943
309    813    849
110    302    473
15    428    1014
517    232    660
474    148    294
986    265    814
664    628    254
938    777    392
312    389    459
388    320    317
552    578    347
19    493    183
855    990    835
381    557    578
623    361    906
673    286    326
464    995    776
142    890    594
613    872    1058
193    938    804
349    810    447
117    152    902
797    935    833
14    576    532
948    990    256
904    593    988
914    852    102
854    564    657
906    615    1083
539    369    1017
855    614    208
942    566    1058
668    599    437
437    41    853
930    485    724
217    572    443
33    604    475
995    624    568
969    843    736
40    174    649
445    804    675
141    219    268
20    414    548
872    536    359
839    325    237
951    266    997
96    589    1037
637    260    295
890    685    694
889    92    797
906    737    636
267    466    1091
64    139    213
678    632    1037
514    376    753
229    266    147
605    661    656
703    910    248
256    975    602
686    688    181
31    85    1099
126    30    1035
798    414    152
356    32    276
239    297    994
794    886    406
940    397    681
7    546    568
743    142    349
957    209    740
2    60    189
211    572    185
889    960    414
580    132    953
376    402    1068
606    734    580
932    255    768
548    380    329
746    790    498
590    774    146
22    884    767
806    607    1060
814    377    513
711    822    487
875    157    844
849    888    218
214    502    423
847    871    708
276    966    152
449    977    786
444    162    216
575    427    866
488    827    283
152    280    984
603    265    1088
581    446    136
662    582    591
332    75    253
286    597    909
101    871    696
690    702    721
447    309    1080
233    935    243
757    889    1055
289    333    171
773    69    574
519    424    177
937    580    204
292    160    810
955    445    324
247    154    893
350    524    118
662    886    418
576    947    805
745    457    822
553    741    836
392    182    264
998    230    722
113    909    343
506    778    982
671    426    421
352    685    577
858    440    132
250    694    756
788    167    136
781    704    117
499    891    703
178    470    965
195    356    284
678    718    423
471    956    926
308    47    367
83    911    1040
967    43    539
839    382    538
433    163    611
914    797    273
863    646    852
72    479    711
600    38    477
969    736    512
799    653    708
691    449    119
45    995    283
256    164    515
572    413    434
574    271    161
325    965    1052
232    567    1009
14    89    272
949    469    669
916    206    244
404    860    681
151    390    1087
198    144    943
79    362    936
469    777    630
380    341    401
621    320    235
911    178    1089
842    803    525
96    584    179
164    228    394
958    362    658
784    967    259
27    985    412
543    381    978
429    916    160
201    578    966
760    466    568
129    836    802
734    866    662
113    74    360
433    592    1045
3    408    878
693    190    639
497    683    957
693    447    179
321    44    454
334    766    272
502    505    800
950    258    115
130    150    353
167    427    1065
283    677    1061
480    35    936
452    200    355
888    864    185
900    747    1036
86    396    443
163    836    502
691    491    156
570    371    108
740    709    749
968    298    869
57    580    284
863    478    876
972    64    1037
794    381    685
45    416    682
416    815    282
98    309    384
955    578    927
596    490    551
261    569    214
860    194    737
327    306    1040
871    936    790
239    480    763
532    166    159
871    434    808
756    605    979
502    571    290
373    215    152
863    135    731
537    695    1074
182    984    356
457    5    654
664    627    338
25    986    581
590    468    230
538    423    746
828    470    838
655    760    161
764    870    114
757    324    701
484    811    777
891    898    464
310    223    670
157    207    512
902    820    194
305    578    1017
891    374    475
383    46    417
438    891    706
769    489    364
782    619    365
853    93    446
299    836    193
841    132    771
76    194    885
688    318    952
484    654    416
847    145    895
669    485    982
765    993    932
93    383    502
580    784    825
807    429    1080
152    885    865
872    622    196
644    75    1022
425    563    501
217    173    1076
613    532    325
233    884    677
893    360    783
968    392    944
680    576    894
337    264    157
48    610    1072
463    371    879
264    3    696
127    362    401
65    908    207
97    102    815
885    785    967
643    664    671
157    859    234
679    715    182
2    222    468
835    500    925
398    595    224
554    996    749
804    915    1012
809    188    807
548    375    785
11    857    509
772    193    695
765    810    217
377    945    731
840    173    759
908    653    166
36    661    939
415    746    305
203    595    962
905    883    313
543    340    1019
138    111    652
264    771    381
474    973    744
702    868    941
807    110    661
81    342    317
957    702    449
390    599    194
995    86    113
196    85    924
118    775    952
338    623    766
519    216    1050
702    511    679
891    992    777
224    828    244
418    256    665
614    952    250
270    118    372
965    898    715
62    374    158
874    985    425
795    387    160
839    637    343
543    431    889
500    141    379
330    631    407
691    734    754
902    399    538
261    196    894
918    44    948
431    309    100
529    449    873
363    793    533
117    258    1022
115    213    1073
990    242    555
298    321    405
913    326    906
360    801    525
640    39    829
335    397    257
852    437    311
52    347    585
860    130    132
345    218    445
168    296    823
553    863    1014
751    130    287
136    333    498
802    683    729
657    998    320
280    669    664
766    424    1065
365    410    1021
890    156    1062
36    779    540
461    817    191
203    307    652
170    565    473
832    673    805
701    454    675
819    388    998
557    158    380
701    719    410
290    283    518
551    537    982
696    284    709
803    540    645
367    963    951
112    54    644
121    930    1005
56    903    897
755    841    415
396    977    1058
707    278    678
587    765    806
155    869    270
413    778    137
396    16    536
333    619    361
756    999    619
676    736    167
990    584    236
853    846    862
143    672    756
755    638    169
646    895    475
526    554    240
37    771    1021
173    157    199
548    338    897
788    781    307
266    339    370
131    181    247
89    321    802
272    224    838
781    643    1010
528    4    822
389    276    539
728    769    333
441    161    333
509    597    882
967    572    552
347    309    358
755    702    139
124    707    1086
546    245    479
498    89    170
67    280    479
777    933    794
19    155    307
584    435    811
161    763    787
775    930    182
371    975    640
860    645    142
373    618    140
410    243    606
795    22    304
99    609    751
247    113    271
107    641    452
450    763    223
752    80    920
370    552    918
428    172    196
912    835    142
186    518    1035
534    177    993
695    900    360
107    500    806
870    52    610
373    729    461
829    131    1061
875    440    1044
319    596    585
814    167    1006
278    562    763
7    945    905
322    317    677
861    684    696
481    835    980
189    136    896
370    23    462
11    686    249
429    68    980
443    118    644
688    79    972
238    627    508
114    914    589
969    464    354
596    297    895
113    382    117
495    435    193
573    661    514
920    608    733
773    341    216
400    118    373
759    643    746
507    779    255
610    692    660
965    390    845
738    14    580
21    783    825
195    165    990
9    75    585
312    697    776
477    275    247
575    278    212
223    484    175
202    673    966
945    641    679
997    904    572
78    577    217
905    93    352
405    943    570
688    60    1074
659    432    1022
274    456    943
559    184    774
144    230    582
835    79    638
651    269    779
399    937    485
100    453    251
755    481    503
505    745    861
53    599    665
754    163    938
562    55    609
353    954    471
18    164    162
83    947    415
127    124    489
446    381    679
624    290    604
332    197    577
378    563    206
504    30    331
116    154    918
901    376    332
294    795    395
406    507    998
793    97    136
69    721    403
895    746    445
133    343    999
327    401    633
314    626    812
941    444    853
798    273    178
71    742    459
248    89    483
998    2    820
766    679    131
681    472    662
943    294    381
839    478    126
67    896    140
308    809    851
991    980    869
413    616    451
549    69    865
913    439    306
913    642    548
618    309    962
588    796    295
697    685    458
125    805    397
786    315    996
478    343    423
819    813    493
183    185    649
829    67    577
286    737    948
583    126    853
14    731    873
262    229    572
393    22    396
969    823    815
500    174    847
34    351    307
922    419    331
420    16    457
580    177    1036
361    127    293
563    205    1001
937    336    1039
530    445    796
397    420    851
313    259    263
54    330    302
897    902    811
229    819    707
725    648    450
379    369    768
563    266    305
943    111    690
157    844    1092
803    323    637
595    872    1060
193    249    654
983    800    1057
774    241    722
657    443    108
969    12    791
755    226    767
187    458    167
365    52    965
391    886    595
802    32    766
680    459    125
718    369    559
9    329    756
744    885    845
969    217    357
650    981    1043
283    81    742
726    744    404
821    520    479
266    888    105
8    651    174
786    500    773
208    912    709
75    459    458
807    266    677
243    476    237
186    255    395
555    188    316
792    898    502
577    196    978
630    915    128
915    21    687
347    362    715
611    29    476
607    988    310
806    99    694
742    669    793
459    627    372
637    953    240
56    601    652
683    180    452
876    67    223
260    922    752
264    342    532
199    580    1053
751    971    711
839    825    510
185    424    890
326    739    927
733    751    238
659    952    462
618    101    1016
756    826    649
892    637    594
905    892    603
110    426    636
940    89    866
837    263    1058
594    866    460
68    424    107
700    60    243
455    674    1073
130    665    418
947    252    572
544    280    336
852    148    307
128    23    962
417    784    520
960    51    929
862    471    732
798    272    202
892    659    546
73    231    467
565    940    755
344    553    582
517    162    503
120    306    589
623    424    114
809    442    151
389    324    104
114    824    169
82    478    334
648    207    304
397    218    909
664    712    167
618    227    606
901    423    554
653    606    523
793    545    370
893    831    190
284    766    828
668    782    418
244    742    1046
367    298    443
525    933    665
765    538    637
154    125    955
501    207    455
643    101    739
270    690    181
274    98    598
469    427    978
333    31    137
679    296    513
616    342    614
174    206    255
166    56    613
117    79    223
91    795    922
22    241    805
976    115    821
852    52    752
701    587    202
396    39    715
800    103    716
886    70    770
814    957    834
120    203    1030
915    30    326
993    929    497
982    138    248
402    840    702
833    288    827
925    919    693
910    476    164
739    288    528
416    564    456
622    955    299
845    665    318
289    480    914
373    716    376
944    140    665
936    883    166
220    928    132
15    526    791
358    85    458
625    97    939
471    230    535
733    951    928
754    199    1040
151    259    432
128    744    129
975    397    1001
962    881    867
848    977    952
860    43    613
411    580    613
561    525    205
759    242    789
904    806    316
361    732    407
868    471    139
514    987    570
505    381    231
234    280    657
685    562    726
977    224    840
127    890    916
416    100    185
707    772    586
680    565    900
572    325    198
35    370    434
618    512    301
82    463    311
259    56    124
255    625    121
824    171    634
976    464    551
593    102    452
235    269    668
846    171    1010
190    546    401
319    512    635
472    355    465
451    373    404
270    258    791
706    382    497
976    355    211
988    172    507
540    253    1004
364    838    414
248    41    518
652    647    295
74    232    842
505    607    1006
862    432    1001
599    570    985
257    604    365
831    992    382
662    807    1074
826    456    909
29    613    314
497    489    412
678    589    589
661    752    923
828    165    186
965    915    856
680    307    188
879    600    1095
544    302    853
323    591    571
516    110    680
323    966    881
978    186    769
481    61    603
63    891    549
641    157    353
539    298    1054
296    100    199
138    491    642
913    423    847
45    294    911
328    271    1061
639    848    280
852    836    1083
293    804    200
69    549    682
732    664    666
377    980    228
81    180    1085
32    902    380
770    558    1088
558    343    792
366    679    276
964    61    366
675    700    366
903    302    919
778    323    148
185    451    369
58    278    219
720    860    829
770    132    277
383    411    599
2    806    769
526    82    999
462    144    747
17    190    781
819    755    394
873    145    555
276    551    1003
77    102    134
920    296    540
206    310    212
634    338    919
814    176    384
813    556    176
950    979    300
960    853    732
946    855    539
811    431    429
368    309    391
889    341    424
568    639    288
454    309    971
525    839    679
395    69    746
492    43    357
729    342    229
293    190    356
136    612    657
915    782    211
124    835    886
434    789    139
8    481    697
187    700    900
415    630    1022
114    477    852
569    197    638
578    730    217
749    874    285
803    155    860
21    157    461
356    382    123
408    492    1062
438    441    263
384    601    136
562    976    879
809    969    336
514    733    808
542    406    1074
218    674    783
528    361    846
576    986    232
580    978    240
423    16    1027
308    875    168
24    859    536
42    244    395
323    251    968
908    957    334
178    844    506
306    413    852
271    546    496
464    463    246
14    488    841
323    248    365
927    612    413
597    62    757
479    952    238
367    5    874
82    4    406
500    331    887
768    823    232
360    243    868
135    938    411
600    625    408
808    897    258
820    513    817
91    465    972
19    479    536
506    619    1003
939    509    411
908    43    1026
808    740    884
748    90    628
390    637    612
979    674    316
211    663    174
408    992    793
474    97    650
430    394    140
404    139    494
538    17    986
772    271    378
533    951    363
248    425    212
121    796    887
282    438    813
934    11    499
900    845    213
228    855    536
708    424    786
359    468    219
307    270    1094
657    81    309
597    998    934
451    492    365
410    884    388
107    185    241
80    1    807
329    555    657
170    880    230
569    646    1098
507    181    723
186    569    676
938    201    518
29    470    169
476    612    718
458    355    323
92    64    723
504    298    433
127    630    951
247    54    533
628    584    478
400    296    146
929    17    1041
697    135    670
469    937    956
355    218    533
634    398    437
820    434    797
769    442    370
503    194    490
84    248    873
650    85    1002
65    971    312
315    345    112
336    458    852
741    943    550
485    384    209
475    535    560
590    312    597
213    839    456
227    473    451
679    976    347
635    617    292
217    512    777
322    229    906
79    120    757
851    268    640
981    660    199
668    30    944
316    474    387
552    10    852
983    222    516
467    652    875
634    174    551
731    828    309
876    236    921
253    635    520
626    44    124
422    974    665
490    318    708
513    55    590
123    534    598
453    932    554
547    323    303
400    302    646
812    396    265
988    342    1098
640    989    278
183    452    717
989    303    783
953    903    240
546    80    136
270    694    479
737    991    597
548    7    649
270    607    429
720    365    491
729    806    492
464    761    969
312    344    173
263    958    1012
500    551    1046
763    360    959
227    996    647
352    852    241
891    984    815
254    944    525
367    648    811
653    740    156
747    917    236
334    20    666
855    205    926
461    619    270
351    291    302
282    647    624
870    383    437
421    983    678
592    574    1062
541    44    763
419    274    233
656    331    861
549    765    909
43    883    1076
855    728    329
168    645    537
149    118    579
66    540    625
305    267    101
308    878    266
662    513    729
177    889    509
174    48    1025
861    818    145
56    892    574
840    47    1021
59    825    243
169    891    507
950    570    780
91    816    789
716    690    231
363    924    881
875    186    930
746    777    766
164    899    828
683    583    475
788    808    464
270    60    122
70    814    467
826    854    528
557    588    568
656    626    996
671    248    106
388    43    112
982    676    637
933    707    1070
2    806    596
697    920    506
407    467    242
285    803    1050
259    935    295
926    883    387
315    949    1056
996    816    861
373    615    494
747    309    135
644    251    1048
767    470    896
458    21    938
739    934    107
948    455    153
793    72    967
126    916    479
893    760    285
802    337    908
114    266    838
507    835    447
744    433    690
91    135    311
557    628    126
328    450    702
448    326    1051
136    456    504
326    739    932
960    472    465
348    266    172
429    982    860
776    548    830
303    255    738
4    242    372
745    42    393
776    325    550
832    352    763
840    541    900
285    681    776
905    24    304
915    614    748
770    178    174
442    267    468
832    256    1082
288    927    789
640    834    360
510    640    180
629    483    441
137    976    922
270    940    579
692    935    347
962    726    654
262    852    697
385    765    118
625    341    1064
91    509    980
879    106    774
658    210    710
82    886    485
331    379    348
348    818    197
873    698    305
461    88    546
997    327    732
208    538    372
343    354    424
948    797    653
312    396    324
976    493    597
789    845    930
333    411    461
719    413    896
581    807    296
848    319    878
667    602    641
90    240    506
506    5    947
154    857    308
940    810    208
731    628    1058
236    230    491
225    861    352
470    943    498
834    202    187
974    986    735
809    764    517
181    253    482
999    251    890
639    11    318
264    371    652
